MAZE 40 20
 27  16  27  17
 14   9  14  10
  9   4   9   5
 29   4  30   4
  1   4   2   4
 13   7  13   8
 16  13  17  13
  8   3   9   3
 18  17  19  17
 28  18  28  19
 36  14  37  14
  3   9   3  10
  9  12  10  12
 12   5  13   5
 16  17  16  18
  0   3   0   4
 34   7  34   8
  9  10   9  11
 16  14  16  15
 37   9  37  10
 23   5  23   6
 26  15  26  16
 23  18  24  18
 30   5  30   6
 22   4  23   4
 32  12  32  13
  2   8   3   8
 14  17  14  18
 37  14  37  15
 19  18  19  19
  1   5   2   5
 19  11  20  11
 11   9  11  10
 30   9  31   9
 18   7  18   8
 29   3  29   4
 37  17  37  18
 34  13  34  14
 16  17  17  17
 33  10  34  10
  0   6   0   7
  1  16   2  16
 27   6  27   7
 30  16  30  17
 32  14  33  14
 37  15  38  15
 26   2  26   3
 25   9  25  10
 32  13  32  14
  8   5   8   6
 10   1  10   2
 39   2  39   3
  7   6   7   7
 35   8  36   8
 36   6  36   7
 29  17  29  18
 35   6  35   7
  5   5   6   5
 11   8  11   9
 28  16  28  17
  0   8   1   8
 38   4  38   5
 37   5  38   5
 37  17  38  17
 39  13  39  14
 29   8  30   8
 32  11  33  11
 31   7  32   7
 26  14  27  14
 13   2  14   2
 38  16  38  17
 21   6  21   7
 38   8  39   8
 31  11  32  11
  5  17   6  17
 28   7  29   7
 22   9  23   9
 37   1  37   2
 36   1  36   2
  3  14   3  15
 15  11  16  11
 24  13  25  13
 26   5  26   6
 10  12  11  12
 34   9  34  10
  4   8   5   8
 15   9  16   9
  8   1   9   1
 25   4  25   5
 17   8  18   8
 26   7  26   8
 29  18  29  19
 29  16  29  17
 13   6  14   6
 28   6  28   7
 11  16  12  16
 19   8  20   8
 14   2  15   2
 21  11  22  11
 32  11  32  12
 27   7  27   8
 34   8  35   8
 27   3  27   4
 14  13  15  13
 37   3  37   4
 17   7  17   8
 21   9  22   9
 13   1  13   2
  3  10   4  10
  3  11   4  11
 25   1  26   1
 32  18  32  19
 24   1  25   1
 19   2  20   2
  6  11   7  11
  4   2   4   3
 32   9  33   9
  3  16   3  17
  8   2   9   2
 32  17  32  18
 17   6  17   7
 19   3  19   4
 34   8  34   9
 24  14  25  14
 35  17  35  18
 38  18  38  19
  2  17   2  18
 15   7  15   8
 19  17  19  18
 25   4  26   4
 25  18  25  19
 23  11  23  12
  5  14   5  15
  8  15   9  15
 23   0  24   0
 25  10  25  11
 36   5  36   6
 36   3  36   4
 38  10  38  11
  5   8   6   8
 17  18  18  18
 24   9  25   9
  7   2   8   2
 33   7  33   8
  3   7   3   8
 12   6  12   7
 25  18  26  18
 26   3  27   3
  9   0   9   1
 20  12  20  13
  6   5   7   5
 24  14  24  15
 13  12  14  12
 27   2  28   2
 23  11  24  11
 22   8  22   9
 31  18  31  19
 24   4  24   5
 20   7  20   8
 34   6  35   6
 33   7  34   7
 15  18  15  19
  4   9   5   9
  5  11   5  12
  7  14   8  14
 21  14  22  14
 10   6  11   6
 31  10  32  10
 37   5  37   6
  1   9   2   9
 24   9  24  10
 21   7  22   7
 20  15  21  15
 26   1  26   2
 38   6  38   7
  7  18   8  18
 13  19  14  19
  3   4   4   4
  9   4  10   4
  5   5   5   6
  7   5   8   5
  6  14   7  14
 20   1  20   2
  0  10   0  11
  9   7  10   7
 14  11  15  11
 23  13  23  14
 26   9  26  10
 35  11  36  11
 32   5  32   6
 12  13  13  13
 20   8  20   9
 18   4  19   4
 12  10  12  11
 38   1  39   1
 19   2  19   3
 34  10  34  11
 18  14  18  15
  8  14   9  14
 38  11  39  11
 17   9  17  10
 18   6  19   6
 20   3  20   4
 21  18  22  18
 14   7  14   8
  5  10   5  11
 28   5  29   5
 21  10  22  10
 36   4  37   4
  6  12   7  12
  7  16   7  17
 17  15  18  15
  8   0   8   1
 30  11  30  12
 38   6  39   6
 28  17  28  18
 22   1  22   2
 28   1  29   1
 18  18  18  19
 27  11  27  12
 30  12  31  12
  3   7   4   7
 26   4  27   4
 19  16  20  16
 14   4  14   5
 16   4  17   4
 22  18  23  18
 31   6  31   7
  7  10   7  11
 30  12  30  13
 29   1  29   2
 32  16  33  16
 11   3  12   3
 17  13  17  14
 12  16  13  16
 10  13  10  14
 24  12  25  12
  3   6   4   6
 32   8  33   8
 29   7  30   7
 22  11  22  12
 27  10  27  11
  9   7   9   8
 37   8  37   9
 29  11  30  11
  1  13   1  14
  9   8  10   8
 36   7  36   8
 32   2  32   3
 23  12  23  13
 18   9  18  10
 19  12  20  12
  2   8   2   9
 39   5  39   6
  5   1   6   1
 34  15  34  16
  6  12   6  13
 26  19  27  19
  7  18   7  19
 24   2  25   2
  1   7   2   7
  3   5   3   6
 35  14  35  15
 13  17  14  17
  5  13   5  14
  1   6   2   6
 28   1  28   2
 20  17  21  17
 24   3  25   3
 20   6  21   6
  0   9   0  10
  7  11   8  11
  8   7   8   8
  7   1   8   1
 15  14  16  14
 21  16  22  16
 25  17  26  17
 34  18  35  18
 33  12  33  13
 23   9  23  10
 13   8  13   9
 33   2  34   2
 19   6  20   6
 22   1  23   1
  9  17  10  17
  8  18   9  18
 12  19  13  19
  3  14   4  14
  1  10   1  11
  5   9   6   9
 25   7  25   8
 27  17  27  18
 30  17  30  18
  7  12   8  12
 33   3  33   4
 26  11  27  11
 22   0  23   0
 32  12  33  12
 13   3  14   3
 22   7  22   8
 20  14  20  15
 21   5  22   5
 11   5  12   5
 25  16  26  16
 28  13  29  13
 38  13  39  13
 18   0  19   0
 27  14  27  15
  3   2   3   3
 36  19  37  19
 12  11  12  12
 13   0  13   1
 22   5  23   5
 13   9  14   9
 33  15  34  15
 27   4  28   4
 21  15  22  15
 32   1  33   1
  0  11   0  12
 31   3  32   3
  9   5  10   5
  7  10   8  10
  0  13   1  13
 15   2  15   3
 25  12  25  13
 11   8  12   8
 29  14  30  14
 14  14  15  14
  8  18   8  19
 21   2  22   2
 27   9  27  10
 19  18  20  18
 27  16  28  16
 19  19  20  19
 17  12  18  12
 35   1  36   1
 18   3  19   3
 12  14  13  14
  9  16   9  17
 21   1  22   1
 38   8  38   9
 19   4  20   4
 15   1  15   2
 16  19  17  19
  1  18   1  19
 13  11  14  11
 27  18  28  18
 19  14  19  15
 10  11  11  11
 31   3  31   4
 36   2  36   3
 30   4  31   4
 18  12  19  12
  9  14   9  15
  4  17   5  17
 36   0  37   0
 15   4  16   4
 34  12  35  12
 33   2  33   3
 17   3  17   4
 34   5  34   6
  5   4   5   5
 12   0  13   0
  4  16   5  16
  2   1   2   2
 24   8  25   8
 17   1  18   1
 31   2  32   2
 14  12  14  13
 13  11  13  12
 10  11  10  12
 19   9  19  10
 13  16  13  17
  4  12   5  12
  6   1   7   1
 26   6  27   6
 27   0  28   0
 31   9  31  10
  2   6   3   6
 23   1  23   2
 25   8  25   9
 31   1  31   2
 10   5  11   5
 13   6  13   7
 33   6  34   6
  2   1   3   1
 20   6  20   7
  5   6   6   6
  3  15   3  16
 32   7  32   8
 17   4  18   4
 38  14  39  14
 23   7  23   8
 10   9  10  10
 10   2  11   2
 32   0  32   1
 30   3  30   4
  0   1   0   2
  4   7   4   8
 12   6  13   6
 32   4  33   4
 11  18  12  18
 21  17  22  17
 17  13  18  13
 38  11  38  12
 17  17  17  18
 11  13  11  14
 30  10  31  10
  3  19   4  19
  3   0   3   1
 14   0  15   0
 13   7  14   7
 28   2  29   2
 24  10  25  10
 19   0  20   0
 12   2  12   3
 28   4  29   4
  3   3   3   4
 34  15  35  15
 36  16  36  17
 35  13  36  13
 15  11  15  12
 20  12  21  12
 33  16  34  16
 18   2  19   2
 16   1  17   1
 22  17  22  18
 19  15  20  15
 35  11  35  12
 15  13  16  13
 18   6  18   7
 19  14  20  14
  6  10   6  11
 19   9  20   9
 15  15  15  16
 30  14  30  15
  7   2   7   3
 25  15  26  15
  4   2   5   2
 33  13  33  14
 28   0  29   0
  6   8   7   8
 29  10  30  10
 33   4  34   4
 18  11  19  11
 12  18  13  18
 18  16  18  17
 12  15  13  15
  4   3   4   4
 17   0  17   1
 26   9  27   9
  6   9   6  10
 11  15  11  16
 28  11  29  11
 15   3  15   4
  6  15   6  16
 11  15  12  15
 32  14  32  15
  2  18   3  18
 33  12  34  12
 36  15  37  15
 30   0  31   0
 38   3  39   3
 37  13  37  14
 28   9  28  10
  4   4   5   4
 13   4  14   4
 34   2  34   3
 14   6  14   7
  9  13   9  14
 13  15  14  15
 34  12  34  13
 12  12  12  13
 33  19  34  19
 21   3  21   4
 17   6  18   6
 36  13  37  13
  4   8   4   9
  5   1   5   2
 24  17  24  18
 25   6  25   7
  1   1   2   1
 35   5  35   6
 22   6  22   7
 11  11  11  12
 21   4  22   4
 21  12  21  13
 33  18  33  19
 33  11  34  11
 23  16  24  16
 11   2  12   2
  1  12   2  12
  9  11  10  11
 31   4  31   5
  1  13   2  13
  2  14   3  14
 27   9  28   9
 24   0  24   1
  8   0   9   0
  9   5   9   6
  6   9   7   9
 33  17  34  17
 18  10  18  11
 29   2  30   2
  3   2   4   2
 12  17  12  18
 21  16  21  17
 11  14  11  15
 23   3  24   3
 25  16  25  17
 34  17  34  18
 24  15  24  16
  8  12   8  13
 31   6  32   6
  9  11   9  12
  0   2   1   2
  6  16   6  17
 22  12  23  12
 10   7  11   7
  7   3   8   3
  7  15   8  15
 16  11  16  12
  1   8   1   9
 37   7  37   8
 22   8  23   8
  0   6   1   6
  9   3  10   3
 33   6  33   7
 12  11  13  11
 10  19  11  19
 19  13  19  14
 36  17  37  17
  2  14   2  15
 22  10  22  11
  2  13   2  14
  5  13   6  13
 37  12  38  12
 18  12  18  13
  8   6   8   7
 30   0  30   1
  5  18   5  19
  1  11   1  12
 32   3  33   3
 20   4  21   4
 28  14  29  14
 13  14  13  15
 18   8  18   9
 37   2  38   2
 33  17  33  18
  2  15   3  15
 16  13  16  14
 35   3  35   4
 35  10  36  10
 34   0  35   0
 26  12  27  12
  0   4   0   5
 23   6  24   6
 13   8  14   8
 22   6  23   6
  6  13   7  13
 36  11  36  12
 24  13  24  14
 16   3  17   3
 31   8  32   8
 16   5  16   6
 16  18  16  19
 29  11  29  12
 27  13  28  13
 16   4  16   5
 30   3  31   3
 35  12  36  12
  4  13   5  13
 10   2  10   3
 20  14  21  14
 12   5  12   6
 35  19  36  19
 16  10  17  10
 12   9  12  10
 24  16  25  16
  7  15   7  16
  3  12   3  13
 37   3  38   3
 20  19  21  19
 37   1  38   1
  6   2   6   3
 16   7  17   7
 25   5  25   6
 10   0  10   1
 24   2  24   3
 33   0  34   0
 22  13  23  13
 39  15  39  16
 17   0  18   0
 16   0  16   1
 13   3  13   4
  6  10   7  10
 13  18  14  18
 29   6  29   7
  5   3   6   3
 31   5  31   6
 14  16  14  17
  7   3   7   4
 30  10  30  11
  7  17   7  18
 27   6  28   6
  7   7   7   8
 32  16  32  17
 31   5  32   5
 15  10  16  10
  9  19  10  19
 10  15  10  16
 15   5  16   5
  4   0   5   0
  0  16   0  17
 25   1  25   2
 13  12  13  13
 34   1  35   1
 31   0  32   0
 28  12  29  12
 15   5  15   6
  2  19   3  19
 14   6  15   6
 38   9  38  10
 22  16  23  16
 36  11  37  11
  1   2   1   3
 22  15  22  16
 12   0  12   1
 25  13  26  13
 37  11  37  12
 33  15  33  16
 36   9  37   9
 31   9  32   9
  2  12   3  12
  4   6   5   6
 39   1  39   2
  2   5   3   5
  0   0   0   1
 39  17  39  18
  5   9   5  10
 29  15  29  16
  3  11   3  12
 11   2  11   3
  8   8   8   9
 21  10  21  11
 10  16  10  17
  4  18   4  19
 24   4  25   4
  7   8   8   8
  2   4   2   5
 10   3  11   3
  5   4   6   4
 10   4  11   4
 21   1  21   2
 35   0  36   0
 27  15  28  15
  0  19   1  19
 15   8  16   8
 30   7  31   7
 13   1  14   1
 15   8  15   9
  8   9   8  10
  1   2   2   2
 10   9  11   9
 29  17  30  17
 28  15  28  16
  2  16   2  17
  6   6   7   6
 26   0  26   1
 15  15  16  15
 25  11  26  11
 20  18  21  18
  7   7   8   7
 20   9  21   9
  9  18   9  19
 27  18  27  19
 30  15  30  16
 27  12  27  13
 37  12  37  13
 15   6  16   6
 31  16  32  16
 32  15  33  15
 18   2  18   3
 17  10  18  10
 10  14  11  14
 15  12  16  12
 35  16  35  17
 24  17  25  17
 35   7  36   7
  2  10   2  11
 10  17  11  17
 15   3  16   3
 12  16  12  17
 37   2  37   3
  0  18   1  18
  5  16   5  17
  9   9   9  10
  2  12   2  13
 13  14  14  14
 34   4  35   4
 10   1  11   1
  3  17   3  18
 11  16  11  17
 16  15  16  16
  5  14   6  14
 23   2  23   3
  5   2   5   3
 15  16  15  17
 28   8  29   8
 28  13  28  14
 35  15  35  16
  4  17   4  18
 36   8  37   8
 38  16  39  16
 35   4  36   4
 30  13  30  14
  7  13   8  13
 26  18  26  19
 14  10  14  11
 21   0  21   1
 18  15  18  16
  4  16   4  17
 18   9  19   9
  1  15   1  16
 24   6  25   6
 16   9  17   9
 22  15  23  15
 24   8  24   9
 38  18  39  18
  1  14   1  15
 21   5  21   6
 35  18  35  19
 29  13  29  14
 20   2  20   3
 26   3  26   4
  4  11   4  12
 25   7  26   7
 21  12  22  12
  6   2   7   2
 17  15  17  16
 33   1  34   1
