MAZE 48 96
 36  88  36  89
 32  53  33  53
  8   7   9   7
 20  19  21  19
  4  23   5  23
 15  75  15  76
 10   2  11   2
 15  41  15  42
 39  35  40  35
 29  27  29  28
  5  40   6  40
 42  90  42  91
 13  79  13  80
 17  32  18  32
 17  91  18  91
 42  36  43  36
 44  46  45  46
 39  13  39  14
 11   8  11   9
 25  75  26  75
 31  12  31  13
 29  32  30  32
 26  84  27  84
 35  11  36  11
 17  55  17  56
 43   8  43   9
 37  62  37  63
 29  30  29  31
 34  56  35  56
 14   8  15   8
 26  20  26  21
 30  25  31  25
 29  52  30  52
 18  12  19  12
 17   9  18   9
  1  76   1  77
 32  17  32  18
 22  32  22  33
 20  59  20  60
 24  88  25  88
 32  36  32  37
 33  14  34  14
  9  69   9  70
  8  26   9  26
 25  82  26  82
 15  91  15  92
  8  11   8  12
 28  78  28  79
  3  75   3  76
 35   8  35   9
 10  58  11  58
 37  41  38  41
 24  55  24  56
  5  81   6  81
 42  46  43  46
 10  39  11  39
 43  66  44  66
 44  50  45  50
  6  82   6  83
  1  60   1  61
 27  66  27  67
 16  76  16  77
  1  78   1  79
 44   3  44   4
 28  17  29  17
 32  59  33  59
 20  30  20  31
 42  47  42  48
 43   6  44   6
 36  27  36  28
  2  67   3  67
 17  43  18  43
 42  95  43  95
 13  38  13  39
  2  87   2  88
 16  73  16  74
 42   5  42   6
 42   3  42   4
 28  15  29  15
 29  11  29  12
 21  45  21  46
 38  39  38  40
 37  79  37  80
 30  81  31  81
 24  62  24  63
 43  50  44  50
  0  92   0  93
 17  78  18  78
  7  22   8  22
  1  61   1  62
 10  59  11  59
 36  18  37  18
  9  38   9  39
 28  32  29  32
 20   7  21   7
 30  47  31  47
 29  63  29  64
 24  65  25  65
  0  59   0  60
  4  18   5  18
 21  79  22  79
 31  30  31  31
 31  33  31  34
 43  33  44  33
 36  23  37  23
 15  35  16  35
  0  10   1  10
 42  45  42  46
 12  90  12  91
 39  28  40  28
 18  82  18  83
 20  90  21  90
  9  39  10  39
  5  77   5  78
 20  88  21  88
 43  30  43  31
 26  37  27  37
 31  83  32  83
 39  23  39  24
 33  11  33  12
 31   9  32   9
 26  53  26  54
 43  29  43  30
 25  52  26  52
 11   5  12   5
 30   2  30   3
 17  75  18  75
 45   4  45   5
  6  78   6  79
 29  80  29  81
 30  82  31  82
 28  43  28  44
 11  61  12  61
 24   4  24   5
 32  66  32  67
 21  50  22  50
  1  68   2  68
 43  57  43  58
  7  43   8  43
 41  52  42  52
 34  82  35  82
 15  67  15  68
 12   6  12   7
 11  69  12  69
 16  46  17  46
  0   4   0   5
 27  35  27  36
 39  63  40  63
 29  65  30  65
 41   1  42   1
 22  45  22  46
  3   0   3   1
  2  26   2  27
 45  37  46  37
 28  16  28  17
 11  79  12  79
 30  69  30  70
 15  33  15  34
 32  60  32  61
 22  46  23  46
 39  90  40  90
 24   0  24   1
  4  62   5  62
 34  61  35  61
 27  34  28  34
 40  19  41  19
 42  66  43  66
 28   6  28   7
  6  13   7  13
  6  15   6  16
 33  61  34  61
 19  55  19  56
  8  91   9  91
 23  45  23  46
 28  14  28  15
 45   8  45   9
 36  46  36  47
  3  37   4  37
 22   1  22   2
 15  35  15  36
 33   8  34   8
 10  48  10  49
 27  94  27  95
 44   4  44   5
 19  47  19  48
 14  83  14  84
 26  21  26  22
 42  10  42  11
 33  46  33  47
 18  40  18  41
 39  89  39  90
 36  54  37  54
 14   6  15   6
  1  82   1  83
 15  59  16  59
 19   9  19  10
  3  26   3  27
 42  46  42  47
  3  73   3  74
  8  80   9  80
 12  42  12  43
 34   6  35   6
 33  60  34  60
 28   4  29   4
 33  27  34  27
 15  60  15  61
 30  75  30  76
 20  89  20  90
 28   3  29   3
 25  12  26  12
  9  40   9  41
  1  17   1  18
 28  86  28  87
 35  92  36  92
 15  25  16  25
 32  45  33  45
  7  23   7  24
 12  37  13  37
 18  31  18  32
 15  46  15  47
 43  27  44  27
  1  91   1  92
 18  78  19  78
 14  85  14  86
 15  94  16  94
 27  64  27  65
 37  30  38  30
 32  51  32  52
 21  59  22  59
 27  44  28  44
 18  73  18  74
 39  78  39  79
  4  81   4  82
 14  20  15  20
 17  66  17  67
 21  66  22  66
 34  61  34  62
 31  84  32  84
  6  79   6  80
 40  62  41  62
 11  31  12  31
 12  88  13  88
 31  63  32  63
  4  82   5  82
 14  40  14  41
 41  69  41  70
 43  19  43  20
 32  20  33  20
 39  46  39  47
 39  11  40  11
 33  53  34  53
 11  42  11  43
 44  48  45  48
 45  91  45  92
 20  38  21  38
 17  28  17  29
 22  83  22  84
 20  14  21  14
 23  87  24  87
  9  66   9  67
  8  46   9  46
 21  19  22  19
  5  83   5  84
 12  66  12  67
  9   7  10   7
  6  52   7  52
 21  44  22  44
 16  32  16  33
 31  64  32  64
 29  52  29  53
 34  75  35  75
 34  73  34  74
 26  30  26  31
 37  77  38  77
  1  48   2  48
  1  70   1  71
 19  14  20  14
 25  14  25  15
 40  40  41  40
 28  79  28  80
 34  50  34  51
 31  80  31  81
 32  12  33  12
 12   4  12   5
 44  24  44  25
 30  36  31  36
 40  21  41  21
 37  35  38  35
  3  63   3  64
 16  10  17  10
 10  44  11  44
 17  24  18  24
 30  89  31  89
 19  35  19  36
 16  92  17  92
 10  22  11  22
 42  52  43  52
  8   8   8   9
 41  94  42  94
 13  76  13  77
 21  62  21  63
  1   6   1   7
 43  66  43  67
 41  70  41  71
  8  31   9  31
 45  70  46  70
  1  64   1  65
 46  49  47  49
 17  30  17  31
 23  55  24  55
 15  90  16  90
  3  49   4  49
 15  85  15  86
  3  32   4  32
 11  55  12  55
 17  85  17  86
  1  27   1  28
 13   1  14   1
 37  80  38  80
 35  44  35  45
  4  25   5  25
  5  63   5  64
 43  69  44  69
 45  59  45  60
 26  55  26  56
 46   7  46   8
 17  74  18  74
 33  26  34  26
 44  13  44  14
 37  34  37  35
 38  56  39  56
 40  61  41  61
 13  58  14  58
 30  87  31  87
 29   5  30   5
 12  89  12  90
 10  38  10  39
 40  18  41  18
 14  82  14  83
 19  59  19  60
 27  68  27  69
 13  67  14  67
 41  18  42  18
 44  28  44  29
 33  79  33  80
 43  54  43  55
 28  93  29  93
 30   0  30   1
 37  67  38  67
 28  34  29  34
 25  20  26  20
 24  58  24  59
 29   4  30   4
  7  37   8  37
 17  88  17  89
 45  63  45  64
 13  36  13  37
 38  13  38  14
 33  52  33  53
  6  38   7  38
 24  54  25  54
 23  64  23  65
 34  93  35  93
 26  80  27  80
 20  22  20  23
 37  44  37  45
 17  61  17  62
 44  15  45  15
  9  38  10  38
 13  90  13  91
 35  53  35  54
 13  58  13  59
 14   5  14   6
 18  29  18  30
 12  61  12  62
 21  47  21  48
 20  13  20  14
 34  37  34  38
  9  73   9  74
 46  89  46  90
 40  37  40  38
 36  37  37  37
 25  22  25  23
 29  38  29  39
 17  94  17  95
  8  12   8  13
 18   2  19   2
  7  52   8  52
  9  54   9  55
 19  25  20  25
 19  88  20  88
 27  88  28  88
 19  15  20  15
 24  82  25  82
 26  66  27  66
 31  71  31  72
 44  59  45  59
  7  77   8  77
 12  47  13  47
 29  35  30  35
  3  53   4  53
 13  35  14  35
 17  20  18  20
 37  14  37  15
  9  90   9  91
 26  54  27  54
 26   4  27   4
 22  69  22  70
 31  54  31  55
 16  88  17  88
 23  74  23  75
  4  55   4  56
 20  54  20  55
 42   9  42  10
 10  91  11  91
 31  17  32  17
 24  52  25  52
  6   4   7   4
 20  46  20  47
 21  75  21  76
 23  45  24  45
 45  48  46  48
 42  53  43  53
 28  76  28  77
 41   2  41   3
 35  24  36  24
  5  73   6  73
  5  64   6  64
 17  13  18  13
 11  73  12  73
 40   8  41   8
 27  30  27  31
 10  40  10  41
 45  12  45  13
  4  73   5  73
 35  68  35  69
 12  29  13  29
  7  50   7  51
 45  73  46  73
 29  76  30  76
 10  70  10  71
 35  65  36  65
 40  57  40  58
  8  74   9  74
 39  61  40  61
 33  10  34  10
 35  59  35  60
  1  80   2  80
 44  91  45  91
 10  78  11  78
 14  36  15  36
 42  60  43  60
  0  28   1  28
 45  12  46  12
  2  75   2  76
 24  78  25  78
  0  63   1  63
 13  29  13  30
 45  15  45  16
 33   3  34   3
 42  67  42  68
 14  42  14  43
 22  16  23  16
 17  36  18  36
 17  40  17  41
 16  92  16  93
  9  35  10  35
 28  24  28  25
 30  76  31  76
 19  74  19  75
 32  26  33  26
 23  63  24  63
  9  50  10  50
  5  48   5  49
 35  19  36  19
 20  59  21  59
  5  43   6  43
 26  81  27  81
 27  16  28  16
  8  36   9  36
 45  84  45  85
 11  37  11  38
 14  30  14  31
 37  51  38  51
  9  86  10  86
 11  79  11  80
 36  30  36  31
 45  62  46  62
 34  67  35  67
 36  33  36  34
 34   6  34   7
 42  50  43  50
 26  75  27  75
 26  34  27  34
 16  27  17  27
 27  41  27  42
  0  25   1  25
  4  53   4  54
 36   5  37   5
 22  63  23  63
 21  17  21  18
 43  78  43  79
 43  70  43  71
 33  34  34  34
 20   5  21   5
 11  35  11  36
  3  83   4  83
 23  13  23  14
 43  67  43  68
 35  12  35  13
  7  67   8  67
  6  33   6  34
 40  35  41  35
 22  92  22  93
 25  63  25  64
 21  39  21  40
 32  71  33  71
 29  82  29  83
 24  67  24  68
 27   9  28   9
 14   3  14   4
 43  20  43  21
  9  84  10  84
 13  57  14  57
 44  92  44  93
 40   5  40   6
 46  80  46  81
 17  23  18  23
 27  56  27  57
 23   8  23   9
 33  68  33  69
 45  75  46  75
 43  49  43  50
 36  90  36  91
 37  38  38  38
 14   3  15   3
 30  71  31  71
 24  45  25  45
 36  61  36  62
 14  61  14  62
 30  24  30  25
 35  23  35  24
 30  55  30  56
 42  68  43  68
 34  68  34  69
 42  71  42  72
 14  39  14  40
 31  20  31  21
 28  59  29  59
 37  55  38  55
 17  18  17  19
 38  80  38  81
 26  92  26  93
 14  41  15  41
  9  50   9  51
  6   2   6   3
 25  18  26  18
  8  83   8  84
 42  12  42  13
  7  54   8  54
 44  12  44  13
 22  10  23  10
 24  75  24  76
 31  75  32  75
 41  92  41  93
 28  22  29  22
  6   5   7   5
 23  34  23  35
  9  75  10  75
 28  14  29  14
 14  58  14  59
 14  68  15  68
  6  77   7  77
  8  17   9  17
  1  66   2  66
  6  22   7  22
  7  45   8  45
 35  32  36  32
 37  86  37  87
 13  81  13  82
  2  39   2  40
  8  34   9  34
 21  71  21  72
 16  21  16  22
 22   2  23   2
 14  50  14  51
  6  69   7  69
 18  17  18  18
 24  63  25  63
 15  95  16  95
  3  28   3  29
 30  22  31  22
 43  47  43  48
  2  69   3  69
 17  49  18  49
 21  12  21  13
  5  28   6  28
 32  76  33  76
 35  38  35  39
 43  61  44  61
 32  47  32  48
  1  50   1  51
  5  34   5  35
 21  29  22  29
 39  43  40  43
 40  36  40  37
 40  41  40  42
  2  21   3  21
  5  38   6  38
 32   0  32   1
 36  15  36  16
  4  32   5  32
 12   7  12   8
 32  58  33  58
 43  83  43  84
  3  70   3  71
 17  94  18  94
 30  42  31  42
  3  61   4  61
 32  65  32  66
 27   1  28   1
 28  81  29  81
  5  87   5  88
 25  40  25  41
 26  50  27  50
 40   7  40   8
 11  91  11  92
 23  44  23  45
 12  75  13  75
 20  43  21  43
  3  75   4  75
 25  41  26  41
 33  43  34  43
 19  54  20  54
 43  47  44  47
 27  53  28  53
  3  20   3  21
 34  64  34  65
 14  83  15  83
  8  58   8  59
 29  41  30  41
 27  24  28  24
  5  18   6  18
 11  19  11  20
  8  35   8  36
  7  68   7  69
 19  33  20  33
 17  64  18  64
 16  72  17  72
 45  10  45  11
 22  19  23  19
  3  22   4  22
 33  77  33  78
 18   0  18   1
 19  45  19  46
 45   4  46   4
 42  38  42  39
 25  27  26  27
 10  25  11  25
 46   7  47   7
 35   2  35   3
 20  57  21  57
  4  34   4  35
 19  37  20  37
  3   6   4   6
 27  93  28  93
 36  19  37  19
 23  16  23  17
 34  25  34  26
 40  73  41  73
 39  53  40  53
 20  47  21  47
  7  33   8  33
 40  10  40  11
 33  10  33  11
  2   5   3   5
  5  27   5  28
  8  89   8  90
  6  65   6  66
 14  87  14  88
 16  68  16  69
 34  40  35  40
 43  60  44  60
 11  22  12  22
 13  20  14  20
 14  66  14  67
 24  51  24  52
 46   6  47   6
 40  56  40  57
 11   4  11   5
  8   6   9   6
  2  79   2  80
 43  49  44  49
 42  36  42  37
  8  23   9  23
 22  22  22  23
 13   5  13   6
 13  22  14  22
 26  25  26  26
 16  51  16  52
 39  51  39  52
 24  17  25  17
  9  51  10  51
 13  54  14  54
 20  39  21  39
  1  84   1  85
 36  80  36  81
 38  72  39  72
 11  32  12  32
 11  11  12  11
  9  93   9  94
 17  69  18  69
 25  66  26  66
 36  44  37  44
 41  17  42  17
 18  42  19  42
  7   4   8   4
  1  49   1  50
 23  27  23  28
 41  24  42  24
 29  50  29  51
 27  63  28  63
 37   2  37   3
 37  47  37  48
 15  84  16  84
 37  16  38  16
 41  77  41  78
 11  81  12  81
 29  18  30  18
 25  17  25  18
 10  28  11  28
 30  45  31  45
 24  40  24  41
 40  91  41  91
 15  86  15  87
  5   7   5   8
 18   6  18   7
 42  48  43  48
 13  77  13  78
 13  76  14  76
 20  75  20  76
 47  29  47  30
 26   3  27   3
 11  44  12  44
 11  36  12  36
 15  27  15  28
 17  58  17  59
 34  44  34  45
 22  38  23  38
  4  83   4  84
 16  26  17  26
 20  56  20  57
 17  65  17  66
 33  33  34  33
  4  67   5  67
 23   7  24   7
  4  31   5  31
  4  80   4  81
 33   0  33   1
  6  65   7  65
  5  75   5  76
 45  69  45  70
 29  82  30  82
 18  93  19  93
 25  90  25  91
 41  58  41  59
  7  74   7  75
 21   4  22   4
 38  51  39  51
 44  66  44  67
 41  22  42  22
 27  79  27  80
 33  38  33  39
 25  88  25  89
  1   5   2   5
 18  55  18  56
 25  63  26  63
 35  36  35  37
 34  52  35  52
 31  64  31  65
 15  55  15  56
 15  51  16  51
 30  87  30  88
 21  48  21  49
 18  86  19  86
 37  34  38  34
 32  14  33  14
 12  12  13  12
 20  50  21  50
 44  58  44  59
  3  22   3  23
 23  61  24  61
 21   5  21   6
 37  85  37  86
  4   5   4   6
 35  80  36  80
 10  68  11  68
 11  54  11  55
 13  23  13  24
  8  76   9  76
  4  59   5  59
 26  70  26  71
 41  13  41  14
 31  15  31  16
 27  84  27  85
 43  75  43  76
  6  35   6  36
 42  34  43  34
 32  35  32  36
  5  39   5  40
 15  18  16  18
 25  92  26  92
 44  71  44  72
 12  57  12  58
  5  22   5  23
 22  62  22  63
 18   1  18   2
 24  21  25  21
 37   7  37   8
 24  31  25  31
  1  17   2  17
 33  56  33  57
 26  13  26  14
 36  35  37  35
  2  94   2  95
 18  88  19  88
  8  81   8  82
  1  71   1  72
 14  92  14  93
 15   5  16   5
 13  51  14  51
 38  46  38  47
 17  51  17  52
 39  54  39  55
 25  45  26  45
  3   8   4   8
 46  64  46  65
 39  10  39  11
 25   0  25   1
 38  37  38  38
  7   1   7   2
 31  39  31  40
 31  94  32  94
 10  74  10  75
 29  28  29  29
 20  10  20  11
 31  58  32  58
 19  31  19  32
  7  80   8  80
 17   7  17   8
 21  82  22  82
 38  22  39  22
 18  33  19  33
  0  29   1  29
 25  84  26  84
 30  33  31  33
 35  48  35  49
  2   4   3   4
 42  23  42  24
 35  14  36  14
 14  63  15  63
 46  85  47  85
 22  57  23  57
 13  12  14  12
  0  33   0  34
  7  27   7  28
  7  65   7  66
 29  25  30  25
 42  79  43  79
 41   9  42   9
 34  76  34  77
  5  68   6  68
  3  34   4  34
 24  60  24  61
 35  91  35  92
 29  43  29  44
 12  68  12  69
 23  22  23  23
 17  82  17  83
 42  64  42  65
  7  27   8  27
  2  23   3  23
 22  90  22  91
 11  68  11  69
 17   1  17   2
 30  40  30  41
  1  24   1  25
  7  20   7  21
 18  27  19  27
 18  68  18  69
  6  73   7  73
 40  13  41  13
 44  84  44  85
 44  18  45  18
 17  83  17  84
 25  44  26  44
 25  73  25  74
 27  64  28  64
  3  63   4  63
 18  43  18  44
  5  53   5  54
  9  10  10  10
 20  85  21  85
  7  89   8  89
 26  76  27  76
 12  54  13  54
 41  29  42  29
 20  66  21  66
 35   4  36   4
 36  65  37  65
 19  68  19  69
 40  52  40  53
 16  28  16  29
 30  57  30  58
 37  18  38  18
 29  36  29  37
 19   2  19   3
 29  88  29  89
 46  66  46  67
 46  53  47  53
 43  11  44  11
  2  35   3  35
 47  86  47  87
 17  41  17  42
 27  40  27  41
 36  45  36  46
 21   5  22   5
  3  21   4  21
 37  62  38  62
 42  78  42  79
 21   8  22   8
 42   7  43   7
  9  55  10  55
 35  25  36  25
 14  44  14  45
 41   0  41   1
 28   1  28   2
 14  19  14  20
 14  24  14  25
 46  77  47  77
 39  33  40  33
 40  71  41  71
 31  22  31  23
  4  87   4  88
 46  55  46  56
 38  60  38  61
  5  15   5  16
 21  64  21  65
 15  82  16  82
 38  53  39  53
  6  60   6  61
 42  56  43  56
 23  69  24  69
 46  43  46  44
 39  67  39  68
 34  54  34  55
 19  61  20  61
 13  34  14  34
 31  26  32  26
  3  91   4  91
 30  17  30  18
 25  86  26  86
 28  57  29  57
 44  90  44  91
 37  38  37  39
 27  37  28  37
 27   7  28   7
 22  30  23  30
 37  57  37  58
  9  27   9  28
 40  67  41  67
 40  69  41  69
  6  62   6  63
 44  56  45  56
 40  14  40  15
  3  12   4  12
 33  16  34  16
 25   6  26   6
 16  56  16  57
 37  59  38  59
 22  78  23  78
 21   7  22   7
 38  73  38  74
 20  79  21  79
  6  61   6  62
 34  41  34  42
 11  87  12  87
 21  73  21  74
 44  14  44  15
 29  53  30  53
 20  10  21  10
 31  45  32  45
 29  38  30  38
  4  44   5  44
 38  75  39  75
 15  24  16  24
 33  34  33  35
 43  89  43  90
  1  37   1  38
 44  85  45  85
 12  63  13  63
 15   4  15   5
 16  12  16  13
 27  60  28  60
  4   8   4   9
 12  31  13  31
 13  52  14  52
 14  73  14  74
 11  10  12  10
  7  44   8  44
 37  44  38  44
 24  35  25  35
 44  78  45  78
 41   6  41   7
 35  94  35  95
 41  40  42  40
 40  39  41  39
  4  94   5  94
 12  32  13  32
  2  32   3  32
 42  55  43  55
 34  46  34  47
 12  28  13  28
 38  53  38  54
 22  14  23  14
  5  19   5  20
 33  35  34  35
 11  59  12  59
 46  23  46  24
 37  52  37  53
 17  35  18  35
 16  53  17  53
  9  26   9  27
 31  76  31  77
 28  80  28  81
 12   1  13   1
 47   1  47   2
  2  86   2  87
 46   0  47   0
  5  21   6  21
 45  45  45  46
 31   0  32   0
 46  92  47  92
 10   4  11   4
 43  18  44  18
 20  88  20  89
 38  77  39  77
 35  22  35  23
 37  88  38  88
 25  71  25  72
  8  84   8  85
 10  56  11  56
 22   7  22   8
 27  39  27  40
 19  65  20  65
 38  83  39  83
 36  20  36  21
 21  25  22  25
 24  89  25  89
 16  19  17  19
 15  50  16  50
 28  18  29  18
 15   6  16   6
 31   1  31   2
 16  33  17  33
 41  89  41  90
 33  36  33  37
 38  62  38  63
 31   4  32   4
 28  26  28  27
 22  33  22  34
 15  88  16  88
  1  34   1  35
 15  16  16  16
  6  28   7  28
 25  48  26  48
  9  78   9  79
  5  61   5  62
 42  41  42  42
 17  82  18  82
 40  50  40  51
 10  30  10  31
 19  20  20  20
  7  70   7  71
 46  80  47  80
 12  70  13  70
  9   3   9   4
 36  72  37  72
 44   9  44  10
  5  25   6  25
 40  54  40  55
  0  67   0  68
 20  86  20  87
 24  29  24  30
 37  88  37  89
 21  31  21  32
 15  40  15  41
 21   9  22   9
 11  85  11  86
 35  66  35  67
  3  92   4  92
  3  25   3  26
 33   5  33   6
 26  58  27  58
  9  63   9  64
 47   3  47   4
 23  69  23  70
 45  32  45  33
  3  10   4  10
 38  28  39  28
 43  88  44  88
 37  13  37  14
 27   6  28   6
 15  65  15  66
 26  29  27  29
 11  92  11  93
  7  13   8  13
  7  74   8  74
  8  47   8  48
 18   6  19   6
 35  47  35  48
  1  36   2  36
 26  61  26  62
 34  60  35  60
 18  56  18  57
 10   2  10   3
 33  45  34  45
 13  43  13  44
  3  48   3  49
 27  69  27  70
  2  28   2  29
  1  73   2  73
 15   1  15   2
  9  86   9  87
 46  32  47  32
 43   9  43  10
 22  33  23  33
  6  82   7  82
 33  89  34  89
 36  66  36  67
 42  16  42  17
 37  84  38  84
 31  33  32  33
 17  56  18  56
 45  94  45  95
 13  15  13  16
 44  16  44  17
  8   3   8   4
 26  33  26  34
 13  92  13  93
  1  51   2  51
 46   8  46   9
 33  47  33  48
  5  58   5  59
 10  46  10  47
 37  13  38  13
 20  40  20  41
 20  80  21  80
 29  93  30  93
 16  64  17  64
 22  55  22  56
  9  54  10  54
 24  93  24  94
 30  34  30  35
 34  78  35  78
 20  43  20  44
  2  29   2  30
 35   1  35   2
  0  62   1  62
 15  12  16  12
 45  39  45  40
 26  63  26  64
 35  13  35  14
 17  78  17  79
 39  92  40  92
  6  54   7  54
 38  57  39  57
 32  67  33  67
 22  80  23  80
 30  54  31  54
 32  57  32  58
 42  43  42  44
  7  69   8  69
 18  53  18  54
 24  47  25  47
  2  38   2  39
 45  16  46  16
 45  14  46  14
 23  91  23  92
 42  14  42  15
 36  70  37  70
  2  41   3  41
 33  63  34  63
 29  12  30  12
 26  58  26  59
 28  48  29  48
 46  90  46  91
 23  11  24  11
 39  47  40  47
 27  58  27  59
 41  78  42  78
 39  19  40  19
  3  58   3  59
  8  61   8  62
 14  65  14  66
 23  28  23  29
 10  83  11  83
  3  84   4  84
 24  15  25  15
 11  14  12  14
 40  23  41  23
 18  74  18  75
  6  50   7  50
 10  45  11  45
 13  68  14  68
 22  26  23  26
 36  59  36  60
  2  42   2  43
 35   4  35   5
 36  72  36  73
 30  52  30  53
 28  48  28  49
  5  31   6  31
 13  86  14  86
  9  72   9  73
 22  89  23  89
 34  47  35  47
 38  41  39  41
 31  74  32  74
 25  92  25  93
 13  42  14  42
  9  85   9  86
 41  83  42  83
 31  78  32  78
 35  42  35  43
 43  63  43  64
 36  48  36  49
 27   6  27   7
 45  65  45  66
 21  72  21  73
 34  13  35  13
 10  61  10  62
 42  15  42  16
 31  92  31  93
  4  39   4  40
 13  64  13  65
 32   8  33   8
 27  72  27  73
 16   1  16   2
  3  78   4  78
  5  60   5  61
 46  45  46  46
 33  61  33  62
 44  41  45  41
  1   1   1   2
 37  72  38  72
 12  33  12  34
 38  66  38  67
 42  28  43  28
 10  42  11  42
 29  17  29  18
 17   4  17   5
 19  61  19  62
 28  85  28  86
 44  88  44  89
 22  22  23  22
 45   6  46   6
 29  10  29  11
  9  13   9  14
 24  28  25  28
  5  43   5  44
  9  44  10  44
 41  43  41  44
 22  23  23  23
 39  80  40  80
 43  39  44  39
  5  50   6  50
 19  67  20  67
 36  58  37  58
  5  91   5  92
 40  77  40  78
 34  67  34  68
 12  34  12  35
 14  10  14  11
 20  20  21  20
 34  64  35  64
 11  72  11  73
  8   1   9   1
  2  50   3  50
  4   2   5   2
  0  23   1  23
 33  17  34  17
 16  42  17  42
  8  93   9  93
 20  79  20  80
  5  64   5  65
 27   3  27   4
 41  36  41  37
 44   2  44   3
 38  34  39  34
  2   0   2   1
  3   5   4   5
 40  90  40  91
 47  70  47  71
 10  30  11  30
  3  18   3  19
 40  32  40  33
 27  47  28  47
 43  53  44  53
  0  47   1  47
 17  84  17  85
 44  39  44  40
 43  81  44  81
 12  45  12  46
 44   0  45   0
  8  51   9  51
 26  10  27  10
 46  13  46  14
 20  19  20  20
 23  94  23  95
  7  85   8  85
 19  18  19  19
 20  51  20  52
 22  28  23  28
 11  10  11  11
 40  70  41  70
  9  10   9  11
 42  70  43  70
 37  83  37  84
  8  48   8  49
 10  85  10  86
  3  66   4  66
 19  94  19  95
 39  61  39  62
 34  88  34  89
 43  26  43  27
 32  72  33  72
 29  19  30  19
 26  39  26  40
 46  62  47  62
 36  77  37  77
  0  85   0  86
 11  12  11  13
 32  22  32  23
 27   2  27   3
 22  21  22  22
 20  52  20  53
 12  69  13  69
 29   7  30   7
 26  77  27  77
 34  18  34  19
 32  77  33  77
 33  75  34  75
  4  61   4  62
 24  89  24  90
 15  31  15  32
 27  35  28  35
  2  94   3  94
 31  46  32  46
  0  85   1  85
  7  93   8  93
  7  32   8  32
 13  25  14  25
 45  30  45  31
 23  79  24  79
  3   3   3   4
 43  39  43  40
 18  54  19  54
 16  80  17  80
 38  68  39  68
  3   6   3   7
 30  72  30  73
 37   4  38   4
 31  47  32  47
  9  78  10  78
 13  55  13  56
 31  69  31  70
 43  12  43  13
 30  93  30  94
 39  36  39  37
 25  26  26  26
 32  56  32  57
 46  39  47  39
 27  47  27  48
 21  36  22  36
 12  77  12  78
  1   7   1   8
 32  64  32  65
  5  58   6  58
  0  80   0  81
 46  88  46  89
 13  70  14  70
 21  28  22  28
 44  33  44  34
 18  31  19  31
 46  71  46  72
 44  44  44  45
 35  80  35  81
  0  22   0  23
  8  50   9  50
 47  46  47  47
 42  58  42  59
 39   7  40   7
 12  62  12  63
 26   1  26   2
 32  10  32  11
  6  41   7  41
  8  56   9  56
 10  34  10  35
 41  86  42  86
  4  16   5  16
 38   5  39   5
 30  41  30  42
 20  27  21  27
 10  17  10  18
  9  58   9  59
 34  19  35  19
 11  94  11  95
 33  37  33  38
  4  33   5  33
  5   6   5   7
 17  60  17  61
 12  94  12  95
 20  63  21  63
  1  25   2  25
 17  16  17  17
 46  28  46  29
 46  10  47  10
 27  24  27  25
 36   8  37   8
 17  65  18  65
 41  86  41  87
 16  23  17  23
 37  10  38  10
  3  24   4  24
  9   2   9   3
 19  85  20  85
 14  26  15  26
 21  68  22  68
 18  24  18  25
 23  47  23  48
 34  94  34  95
 22  64  22  65
 44  33  45  33
  8  20   9  20
 44  87  45  87
  9  60   9  61
  7  73   7  74
 43  16  43  17
  1  93   2  93
 19   8  20   8
 27  51  27  52
 36  43  36  44
 14  22  14  23
 35  64  36  64
 43  22  44  22
  9  12   9  13
 22  11  22  12
  6   0   7   0
 12  48  12  49
  6  11   7  11
 27  71  27  72
 22  61  23  61
 22  73  22  74
 40  17  40  18
 30  34  31  34
 33  89  33  90
 29  45  29  46
 24  16  25  16
 40  11  40  12
 13   0  13   1
 28  52  29  52
  1  68   1  69
  6  47   7  47
 41  30  42  30
 33  28  33  29
 17  10  18  10
 25  17  26  17
 32  80  32  81
 23  51  23  52
 43  87  44  87
  5  80   6  80
  6  18   6  19
  9  16  10  16
  3  40   4  40
  7   7   8   7
 31  38  31  39
  6  88   7  88
 20  72  20  73
 37  93  37  94
 26  11  27  11
 22  90  23  90
 44   1  45   1
 15  13  15  14
  4  52   4  53
 16  38  17  38
 19  68  20  68
 47  27  47  28
  4  21   4  22
 37   5  37   6
 24   7  25   7
  1  70   2  70
 27  90  28  90
 23  78  23  79
  3  52   3  53
 16  70  16  71
 11  46  11  47
 16  86  16  87
 28  65  29  65
 45  41  45  42
 25  23  25  24
 36  39  36  40
 26  86  27  86
 45  28  46  28
 34  82  34  83
 44  15  44  16
 12  34  13  34
 18   5  18   6
  6  67   6  68
  8  90   9  90
 23   2  24   2
 32   1  33   1
 38  63  38  64
 36  11  36  12
 19  94  20  94
 44  21  44  22
 28  60  29  60
  0  83   0  84
 10  24  11  24
  5   9   5  10
 11  26  11  27
 36  74  36  75
 10  55  11  55
 13  28  14  28
 44   6  44   7
 33  21  33  22
 42  91  42  92
 36  94  37  94
 24  56  24  57
 32  37  32  38
 31  59  32  59
 34  31  35  31
 26  47  27  47
 14  49  14  50
 28   9  28  10
 43  23  44  23
  7  66   7  67
 33  49  33  50
 13   8  14   8
 27  23  28  23
 34   4  34   5
 27  89  27  90
 21  42  21  43
 40  85  41  85
 11  67  12  67
 44  61  44  62
  9  31  10  31
 39  26  39  27
 11  40  11  41
 10  12  10  13
 15  49  16  49
 11  66  12  66
 44  54  45  54
  6  85   6  86
 36  74  37  74
 25  12  25  13
 20  74  20  75
 45  46  46  46
 46  58  47  58
  2  37   2  38
 15  42  15  43
 27  67  27  68
 35  45  35  46
 10  34  11  34
  8  32   8  33
 45  88  45  89
 13  56  14  56
 32  78  33  78
 31  62  31  63
 10  75  10  76
 25  15  25  16
 26  31  26  32
 10  67  10  68
  3  64   3  65
 19  43  19  44
 31  52  31  53
 10  60  10  61
 14  53  15  53
 42  59  42  60
 35  60  36  60
 10  29  11  29
 13  93  13  94
 40   3  40   4
 14  77  15  77
  2  78   3  78
 37  92  37  93
 19  21  20  21
 40  24  41  24
  8   0   9   0
 42  89  42  90
 32   9  33   9
  9  72  10  72
 19  13  20  13
  6  21   7  21
 37  67  37  68
 30  14  30  15
 13  85  14  85
  6  45   6  46
 41  41  41  42
 24  27  24  28
 31  80  32  80
  7  84   7  85
 22  70  23  70
 15  92  15  93
 30  89  30  90
 43  17  44  17
 17  76  18  76
  8  21   9  21
 44  64  45  64
 11  47  12  47
  6  46   7  46
 15  80  15  81
 45  19  45  20
 42  53  42  54
 27  79  28  79
 33  94  33  95
 31  49  31  50
 30  22  30  23
  2  45   2  46
 25  80  26  80
 26  50  26  51
 20  94  21  94
 22   6  23   6
 23  76  24  76
 15   1  16   1
 11  28  12  28
 13  46  14  46
 20  16  21  16
 12  15  13  15
  1  12   2  12
 19  93  19  94
 27  77  28  77
  5  89   5  90
 28  53  29  53
 42  21  43  21
  4  45   5  45
 41  56  41  57
 42  49  42  50
 22  84  22  85
 25  59  26  59
 28  49  29  49
  5  90   6  90
 42  37  43  37
  1  41   1  42
 28  61  29  61
 33  83  34  83
 18  21  19  21
 39  82  39  83
 11  64  12  64
 22  57  22  58
  8  14   8  15
 22  27  23  27
  1  44   1  45
 17  27  17  28
 29  22  30  22
  4   3   4   4
 47  56  47  57
 16  25  17  25
 24   3  25   3
 43   0  44   0
  7  76   8  76
 13  55  14  55
 15  61  15  62
 43  64  43  65
 12  38  13  38
 35  38  36  38
 23   3  23   4
 41   4  42   4
 13  80  13  81
  7  30   8  30
 28  42  29  42
 18  14  18  15
  0   8   0   9
  0  48   1  48
 10  80  11  80
 41  15  42  15
  2  54   2  55
 38  59  38  60
 26  46  27  46
 11  45  12  45
  3  86   4  86
  7  78   7  79
  9  76  10  76
 36  46  37  46
 32  25  32  26
  4  65   4  66
 17  34  17  35
  4  46   5  46
 38  16  39  16
 34  11  35  11
  9  15   9  16
 27  56  28  56
 43  62  44  62
 37  46  37  47
  2  20   2  21
 26  82  27  82
 19  22  19  23
  3  54   3  55
 41  81  41  82
 17  93  18  93
 13  21  14  21
 20  73  20  74
 36  24  36  25
 43  75  44  75
 21  89  22  89
 29  84  30  84
  3  46   3  47
 19  30  20  30
 35  77  36  77
 17   2  18   2
  9  23   9  24
 16  24  16  25
 34  41  35  41
 11  88  12  88
  5  52   5  53
 28  71  29  71
 38  82  38  83
 27  73  28  73
 21  18  22  18
 26  32  26  33
 37  91  37  92
 43  31  43  32
 18  25  18  26
 16  14  16  15
  1  90   1  91
 27  10  28  10
  5  84   5  85
 21  11  22  11
 29  46  30  46
 23  81  23  82
 34  63  34  64
 39  20  39  21
 38  26  38  27
 40  35  40  36
 19  91  20  91
 34   1  35   1
 34   4  35   4
 34  54  35  54
 15  13  16  13
 33  66  33  67
 35  36  36  36
 44  90  45  90
 41  12  41  13
 35  17  36  17
 12  13  13  13
 43  87  43  88
  4  69   5  69
 14  90  14  91
 44  76  44  77
 29  85  29  86
  5  63   6  63
 40  74  40  75
 22  14  22  15
  8  27   8  28
 16  59  16  60
  0  49   1  49
 16  67  16  68
 35  66  36  66
 35  30  36  30
 38  71  38  72
 44  52  44  53
 47  67  47  68
 16  18  17  18
 25  77  26  77
  3  85   4  85
 23  25  23  26
 41  81  42  81
 18  30  19  30
 24   1  24   2
 41  93  41  94
 21  67  21  68
  4  58   5  58
 27  32  27  33
 40  87  40  88
  4  27   4  28
 32  49  33  49
 17  38  17  39
 16  82  16  83
 18  21  18  22
 43  53  43  54
 25  48  25  49
  5  89   6  89
 37  81  37  82
 25  75  25  76
 15   3  15   4
 14  53  14  54
 46  94  47  94
  3  55   3  56
 11  40  12  40
 46  84  47  84
 46  68  46  69
 42  32  43  32
  7   7   7   8
 26  75  26  76
 43  86  43  87
  0  33   1  33
  1  45   2  45
 31  67  32  67
  1  11   1  12
 21  26  22  26
 21  35  22  35
 26  49  26  50
 12   0  12   1
 41  26  41  27
  9  59  10  59
  4   4   4   5
 27  82  27  83
  3  46   4  46
 39  31  39  32
 39  12  39  13
 29  50  30  50
 18  66  18  67
 21  34  21  35
 15  58  16  58
 18  78  18  79
 44  84  45  84
 38  22  38  23
 19  18  20  18
 44  28  45  28
  4  90   5  90
  4  47   4  48
  6  70   6  71
 16   3  17   3
  8  37   9  37
  3  34   3  35
 42  88  43  88
  6  63   7  63
 12  20  13  20
 46  50  46  51
 11  54  12  54
 12  25  12  26
 25  19  25  20
 31   5  31   6
 16   9  17   9
 35  89  35  90
 31  21  32  21
 11  61  11  62
 38  91  39  91
 41  48  41  49
 30  60  31  60
 20  25  20  26
  7  63   7  64
 36  37  36  38
 15  28  15  29
 14  18  15  18
 30  10  30  11
 21  37  22  37
 19  33  19  34
 42  25  43  25
  7  22   7  23
 25  21  26  21
 23  90  23  91
 31  40  32  40
 41  72  41  73
 34  30  34  31
 33  91  34  91
 35  83  35  84
 37  28  37  29
  0  21   1  21
 22  88  23  88
 21  30  22  30
 46  65  47  65
 20  83  21  83
 18  52  19  52
  5  67   6  67
  0  40   0  41
 39  65  40  65
 14  10  15  10
  3  17   4  17
 36  49  37  49
 30  91  31  91
 15  53  15  54
 41  61  41  62
 32  78  32  79
  9   9   9  10
 24   5  24   6
 15  78  16  78
 18  49  18  50
 47  90  47  91
 39  14  39  15
  3  67   3  68
 15  66  16  66
 24  34  25  34
 30  79  30  80
 44  34  45  34
 32  92  33  92
 14  34  14  35
 27  80  27  81
 46  20  46  21
 26  38  27  38
 22   9  22  10
  2  52   2  53
 26  27  27  27
 43  44  44  44
  6  57   6  58
  6  42   7  42
  1  33   2  33
  5  76   5  77
 28  39  28  40
 37  32  37  33
 24  33  24  34
 43  37  44  37
 40  26  41  26
 40  39  40  40
 10  93  11  93
 10  11  11  11
 11  43  11  44
 33  21  34  21
 24  24  25  24
 39  23  40  23
 44  60  45  60
 31   6  32   6
 35  48  36  48
 24  85  25  85
  7  10   7  11
 12  49  12  50
 16  47  17  47
 46  13  47  13
 12  86  13  86
 15  22  15  23
 45  64  45  65
 29  47  30  47
 16  52  17  52
 17  33  17  34
 24  26  24  27
  5  41   5  42
 26  25  27  25
 18  92  19  92
 31  72  32  72
 25  69  25  70
 32  27  32  28
  8  72   9  72
  4  48   5  48
 46  47  47  47
 41  16  41  17
 19  27  20  27
 33  32  34  32
 20   0  21   0
 22  25  22  26
 14  30  15  30
  2  64   3  64
 19  16  19  17
 11  13  11  14
 38  30  39  30
 12  92  13  92
 29  23  29  24
 45  70  45  71
 27  27  27  28
 23  84  23  85
 13  31  13  32
 42   4  42   5
 40  43  41  43
  0  87   1  87
 25  60  26  60
 26  37  26  38
 17  36  17  37
 16  65  16  66
  3  43   4  43
  8   5   9   5
 18  58  19  58
 34  43  34  44
 47   7  47   8
  6  84   6  85
 41  50  41  51
  2  57   3  57
 42  89  43  89
  4  35   5  35
 23  75  24  75
 23  52  23  53
  6  92   7  92
  0  70   0  71
 38  51  38  52
 46  46  47  46
  3  19   3  20
  7  47   8  47
 20  70  20  71
 33  83  33  84
  7  14   7  15
 39  30  40  30
  1  21   1  22
 20  15  21  15
 25  10  25  11
 42   0  42   1
 45  51  46  51
 25  66  25  67
  7  59   8  59
 40  89  41  89
 40  82  41  82
 17  44  18  44
  0  81   0  82
  4  20   4  21
  5  66   5  67
 21   0  21   1
 39  17  39  18
 30   5  30   6
 31  90  31  91
 14  93  14  94
 30   7  30   8
 16   0  17   0
 44  10  44  11
 14  94  14  95
 37  89  37  90
  7  31   8  31
 44  22  45  22
 33   7  33   8
  2  83   3  83
 31  58  31  59
  6  66   7  66
 27  65  28  65
 17  54  18  54
 27  86  27  87
 35  78  35  79
  7   5   7   6
 40  43  40  44
 24  93  25  93
 29  59  29  60
 46  86  46  87
 41  73  41  74
 17  63  18  63
 16  58  17  58
 33  24  33  25
 10  18  11  18
 30  85  31  85
 22  87  23  87
 20  11  20  12
 34  45  35  45
  9  57   9  58
 39  26  40  26
 20  44  20  45
 29  74  30  74
 23  84  24  84
 27   8  27   9
 21   3  21   4
  4  74   5  74
 32  34  32  35
 43  52  44  52
 31  38  32  38
  9  67  10  67
  3   5   3   6
  1  15   1  16
 39  68  39  69
 19  84  19  85
  1  46   1  47
 13  37  13  38
 25   8  26   8
 29  13  30  13
 14  57  14  58
 27  59  28  59
 43  94  44  94
 18  67  19  67
 25  30  26  30
 13  74  13  75
 39  24  39  25
 24  65  24  66
 18  46  19  46
 15   7  16   7
  6  21   6  22
 30  28  30  29
 11  41  12  41
  6  44   6  45
  1  73   1  74
 17  44  17  45
  2  22   2  23
 14  23  14  24
 45   9  45  10
  5  22   6  22
 32  88  33  88
 10  63  10  64
 36  36  37  36
 37  29  37  30
 19  44  20  44
 37  60  37  61
  9  30  10  30
  9  90  10  90
 18  14  19  14
 24  18  25  18
  2  13   2  14
 26  19  27  19
 34  55  35  55
 23  30  23  31
 15  87  16  87
 42  54  43  54
 10  36  10  37
 11   9  12   9
 18  45  18  46
 38  55  38  56
 23  48  23  49
 16  50  17  50
 46  79  47  79
 23  19  23  20
 27  20  28  20
  0  35   1  35
 21  70  22  70
 21  21  22  21
  4  44   4  45
  0   8   1   8
  5  52   6  52
 13  72  13  73
 19  38  19  39
 47  51  47  52
  6   6   6   7
 12  44  12  45
 37  64  37  65
 20   2  21   2
 31  69  32  69
  7  86   8  86
 15  83  16  83
 17  60  18  60
 26  91  27  91
  7  84   8  84
 18  70  19  70
 33  85  33  86
  8   2   9   2
 15  55  16  55
 16  86  17  86
 41  11  41  12
 20  92  21  92
 10  72  10  73
 40  34  41  34
 40  55  41  55
 23  89  24  89
  3  65   4  65
 36  40  37  40
 39   0  40   0
  6  36   6  37
 29   0  30   0
  3  47   3  48
  1  47   1  48
 39  16  39  17
  9   0   9   1
 23  29  24  29
 14  90  15  90
 29  17  30  17
 21  81  22  81
 25  67  26  67
 10   6  10   7
 12  27  13  27
  5  86   6  86
  9  48   9  49
  4  29   4  30
 20  77  21  77
 36  28  37  28
 39  62  40  62
 28  76  29  76
 19   0  19   1
 22  17  22  18
 44  93  44  94
 32  25  33  25
  8  57   9  57
 36  38  36  39
 34  15  35  15
  3  92   3  93
  5  86   5  87
 27  91  28  91
 34  78  34  79
  6  24   6  25
 18   5  19   5
  8  95   9  95
  2  19   2  20
 46  65  46  66
 11  49  11  50
  3  25   4  25
 14  17  14  18
 10   9  10  10
 35  49  35  50
 39   8  40   8
 29  62  30  62
  5  20   6  20
 25  28  25  29
  3  51   3  52
  9  70  10  70
 37  52  38  52
 39  66  40  66
 30  73  31  73
 41  67  42  67
  8  67   8  68
 34  71  35  71
  2  18   3  18
 27   4  27   5
 35  84  35  85
 11  89  11  90
 19  83  20  83
 29  40  30  40
 13  65  14  65
 17  70  18  70
 12  27  12  28
 39  49  40  49
 19  42  19  43
 16  70  17  70
 36  27  37  27
 15  76  15  77
 19   3  20   3
 14  39  15  39
 16   8  17   8
 15  77  16  77
 12  13  12  14
 45  53  46  53
 11  57  12  57
 11  63  12  63
 13  42  13  43
 20  62  21  62
 19  81  19  82
 27  70  28  70
  2  71   3  71
 11   9  11  10
 45  21  46  21
 40  76  41  76
 22  50  22  51
 46  37  47  37
 16  30  16  31
 18  38  18  39
 19   5  20   5
 43  68  43  69
 23  43  23  44
 32  19  33  19
 24  82  24  83
 19  52  20  52
 39  27  40  27
 29  26  29  27
 17  87  18  87
  6  92   6  93
 27  62  27  63
 34  80  34  81
 29  91  29  92
 45  53  45  54
  6  20   7  20
 13  49  14  49
 11  77  11  78
  5  47   6  47
  5  32   5  33
  2  92   3  92
  6   8   7   8
 40  81  41  81
 44  74  45  74
  2  91   2  92
  2  92   2  93
 20  51  21  51
 44  66  45  66
 10  92  10  93
 45  52  46  52
 11  34  11  35
  7  41   8  41
 15  82  15  83
 18  64  19  64
 25  60  25  61
 28  26  29  26
 16  55  17  55
  4  79   5  79
 26  66  26  67
 32  69  32  70
 19  28  19  29
  0  69   1  69
 29  77  29  78
 12  39  13  39
 24  37  25  37
 30  62  31  62
  0  11   1  11
 38  17  39  17
 45  79  46  79
 19  90  19  91
 27  14  28  14
 11  12  12  12
 11  30  12  30
 16  53  16  54
 47  28  47  29
 46  38  46  39
 37  49  37  50
 33  92  33  93
 27  21  28  21
 32  15  33  15
  1  33   1  34
 32  41  32  42
 26  42  26  43
 23  43  24  43
 41  62  42  62
 33  15  33  16
 46  35  47  35
 40  49  41  49
  0  36   1  36
  7  29   8  29
 17  20  17  21
  8  62   8  63
 19  60  19  61
 15  38  16  38
 41  55  41  56
 41  34  41  35
 19  77  19  78
 19  35  20  35
 10  93  10  94
 31  44  31  45
 18  66  19  66
  9  46  10  46
 37  22  38  22
 37  21  37  22
 14  78  14  79
  4  39   5  39
  2  31   2  32
 11  80  11  81
 28  88  28  89
 43  45  44  45
  8  72   8  73
  2  40   2  41
 40  17  41  17
 43   7  44   7
 33  39  33  40
 24  13  24  14
 13  81  14  81
 39  87  40  87
 13   5  14   5
 32  18  32  19
 11  35  12  35
 42  71  43  71
 26  23  27  23
 10  65  11  65
 44  27  45  27
 12  10  12  11
 39  41  40  41
 36  78  36  79
  2  41   2  42
 30  49  30  50
 22  51  22  52
 19  67  19  68
 17  46  17  47
  1   0   1   1
 19  84  20  84
 35  86  36  86
 40  82  40  83
 34  38  34  39
 18  10  18  11
 15  87  15  88
 41  65  42  65
 16  62  16  63
  4  38   5  38
 27  40  28  40
  7  71   8  71
 18  84  19  84
 39  57  39  58
 20  60  21  60
 23  90  24  90
 42  10  43  10
  7  82   8  82
 30  53  31  53
 19   6  20   6
 40  24  40  25
 45  35  46  35
 32  42  32  43
 33  22  33  23
 15  21  15  22
 33  65  33  66
  4  86   5  86
 35  93  35  94
  0  24   1  24
  3   8   3   9
  9  82   9  83
  9  44   9  45
 30  90  30  91
  8  30   9  30
  2  68   2  69
 20  68  21  68
 10  92  11  92
 28  19  29  19
 37  55  37  56
 23  39  23  40
 24  79  24  80
  7  73   8  73
  6  15   7  15
 45  44  45  45
 39  25  39  26
 27  11  28  11
 12  53  13  53
 25  94  26  94
 14  18  14  19
 22  94  22  95
 43  55  43  56
 14  28  14  29
 23  53  23  54
 37  24  38  24
 42  75  42  76
 38  90  38  91
 45  32  46  32
 38  32  39  32
 41  51  41  52
 39  93  40  93
 33  69  34  69
 33  84  33  85
 40  95  41  95
 42  48  42  49
 37  41  37  42
 33  48  33  49
 40  47  41  47
 22  74  22  75
 46  34  46  35
  7  92   7  93
 20  28  20  29
 15  18  15  19
  3  30   3  31
 21  49  22  49
 43  41  43  42
 10  91  10  92
  6  18   7  18
  4  80   5  80
 43  41  44  41
 29  15  30  15
 24  49  25  49
 41  79  41  80
 11  83  12  83
 33  38  34  38
 11  21  12  21
 27  53  27  54
 40  16  41  16
 25  11  25  12
 42  26  43  26
 23  14  23  15
  8  24   8  25
 42  80  43  80
 37  21  38  21
 39  81  40  81
 46  74  47  74
 44  19  44  20
 33  56  34  56
  1  87   1  88
 35  18  36  18
 22  41  23  41
 23  39  24  39
 25  71  26  71
 24  71  25  71
 38   2  38   3
 43  85  44  85
 36   2  37   2
 47  73  47  74
 21  86  22  86
  6  36   7  36
 45  54  46  54
 15  56  16  56
 23  37  24  37
  3  86   3  87
  3  13   4  13
 31  27  32  27
 34  26  34  27
 36  85  36  86
 45  24  46  24
 13  59  13  60
  2  46   2  47
  5  76   6  76
 26  48  27  48
  9  82  10  82
 39  45  39  46
 33  75  33  76
 24  16  24  17
 23  35  23  36
 34  21  35  21
 15  72  16  72
 11   3  11   4
 24  36  25  36
 30  74  30  75
  7   6   8   6
 45  81  45  82
 20  54  21  54
 28  92  28  93
 19  36  19  37
 11   3  12   3
 40  10  41  10
  8  28   9  28
 25   8  25   9
 12  85  13  85
 10  84  11  84
 19  69  19  70
 28  66  29  66
 14  32  14  33
  8  60   8  61
  7  91   8  91
 12  40  13  40
  4  81   5  81
 28  28  29  28
 38  35  39  35
 37  70  37  71
 35  72  36  72
 21  57  22  57
 30   6  31   6
 42  23  43  23
 22  38  22  39
  5  94   5  95
 37  58  37  59
 42  93  43  93
 19  74  20  74
 35  54  35  55
  2  56   2  57
  1  76   2  76
  0  51   1  51
 11   2  12   2
 47  88  47  89
 15  19  16  19
 10  86  10  87
 22  66  23  66
 45   8  46   8
 40  51  41  51
 26  92  27  92
 39  66  39  67
 15  89  16  89
 47  89  47  90
 31  26  31  27
 25  49  25  50
 39   6  39   7
 29  73  29  74
 18  84  18  85
 44  74  44  75
 33  40  34  40
 37  93  38  93
  8  79   9  79
 19  71  20  71
 14  74  14  75
 39  94  40  94
  4  92   5  92
 10  16  10  17
 46  39  46  40
 42  84  42  85
 24  86  25  86
 20  24  21  24
  3  80   4  80
 23   5  23   6
 16  54  17  54
 41  50  42  50
  6  25   7  25
 40  72  40  73
 16  52  16  53
 14  72  14  73
 39  10  40  10
 31   2  31   3
  0  52   1  52
  8  43   8  44
 12  12  12  13
  9   4   9   5
 16   2  16   3
 37  31  37  32
 40  28  40  29
 18  87  18  88
 16   7  16   8
 43  62  43  63
 19  34  19  35
 44   3  45   3
 25  22  26  22
 46  47  46  48
 10  69  10  70
 41  31  41  32
 32  74  32  75
 33  81  34  81
 25  11  26  11
 36  68  36  69
 15  15  16  15
  3  60   3  61
 17  89  18  89
 46   1  46   2
 16  81  17  81
  8  71   9  71
 29  74  29  75
 47  54  47  55
 25  23  26  23
 43  85  43  86
 43  57  44  57
 38  56  38  57
 31  42  32  42
 28  54  28  55
 39  71  39  72
 15  47  15  48
 14  51  15  51
 31  11  31  12
 26   8  26   9
  5  10   6  10
 35  71  36  71
  1  54   2  54
 27  45  27  46
 31  62  32  62
 17  81  18  81
 29  63  30  63
 39  76  40  76
  9  11   9  12
  6  17   7  17
 24  95  25  95
 39  69  40  69
 12  56  13  56
  5   4   6   4
 32  82  33  82
 41  83  41  84
 38   8  38   9
 35  31  35  32
 13  22  13  23
 35   9  36   9
  0  49   0  50
 15  68  16  68
  2  56   3  56
  0  57   0  58
 21  51  21  52
 31  59  31  60
 24  49  24  50
 35   6  36   6
 16  65  17  65
 17  50  18  50
 44  49  45  49
 31  13  31  14
  3  41   4  41
 44  31  45  31
  6  60   7  60
 44  75  44  76
 41   9  41  10
 42  20  42  21
 28  44  29  44
 17  13  17  14
 23  41  24  41
 26   0  27   0
 24  84  24  85
 29  64  29  65
 43  40  43  41
  6  71   6  72
 27  73  27  74
 10  50  11  50
 14  61  15  61
 44  82  45  82
 25  34  25  35
 32   4  33   4
 30  65  30  66
 37  33  38  33
 39   4  40   4
  1  75   1  76
 39  56  40  56
  2  28   3  28
  3  42   3  43
 14  15  15  15
  5  55   5  56
  0  68   1  68
 29  77  30  77
 10  73  10  74
 21  53  22  53
 46  40  46  41
 18  62  19  62
 13  39  13  40
  7  77   7  78
 42  73  43  73
 23  20  23  21
 23  79  23  80
 33  92  34  92
 44  47  44  48
 36  78  37  78
  4  43   5  43
  8  48   9  48
  6   1   6   2
 22   4  23   4
 32  39  33  39
  3  77   4  77
  9  24   9  25
 21  79  21  80
 28  35  28  36
 10  64  10  65
  5   6   6   6
 21  42  22  42
 32  31  32  32
 42  44  43  44
 10  63  11  63
 30  12  31  12
 36   6  36   7
  9  16   9  17
  2  54   3  54
  6  76   7  76
 23  19  24  19
 21  13  22  13
 35   9  35  10
 24  21  24  22
 36  94  36  95
 34  87  34  88
 28  53  28  54
 20  73  21  73
 19   3  19   4
 15  70  15  71
  3  20   4  20
 11  26  12  26
 27  49  27  50
 19  62  20  62
 13  73  13  74
 29  24  29  25
 37  23  38  23
 18  11  18  12
 15  36  15  37
 29  26  30  26
 19  51  20  51
 12  58  12  59
 40  93  40  94
 45  92  45  93
  7  85   7  86
  8  34   8  35
 32  55  33  55
 20  32  21  32
 11  62  11  63
  4  49   4  50
 38   5  38   6
 28  31  29  31
 26  46  26  47
 14  94  15  94
 10  20  10  21
  7   8   7   9
 41  88  42  88
  0  36   0  37
 39  64  39  65
 10  89  11  89
 45  79  45  80
 47   2  47   3
 41   4  41   5
 24  61  24  62
 23   1  23   2
 13  60  13  61
 18  63  19  63
 35  82  36  82
  9  14  10  14
 32  89  33  89
 46   4  46   5
 44  36  44  37
 31   7  32   7
 21  93  22  93
 35  82  35  83
 32   6  32   7
 32   3  32   4
 36  21  36  22
 44  39  45  39
 39  31  40  31
 18  43  19  43
  9  19  10  19
 35  81  36  81
 37  28  38  28
 45  76  46  76
 19  10  19  11
 13  65  13  66
 17  38  18  38
  7  60   8  60
  5  11   5  12
 34  89  35  89
 43  16  44  16
 21  67  22  67
 43   0  43   1
 20  60  20  61
 30  29  31  29
 43  71  44  71
 19  36  20  36
 17  16  18  16
 47  62  47  63
 13  89  14  89
 45  38  46  38
 39  85  39  86
  8  52   8  53
  8  90   8  91
 26   0  26   1
  0  18   0  19
 37  79  38  79
 38  18  39  18
 32  36  33  36
 13  92  14  92
 19  29  20  29
  1  94   1  95
 24  56  25  56
 11  29  11  30
 32  11  33  11
 39  86  39  87
 30  15  30  16
 15  73  15  74
  7  55   7  56
 31  86  31  87
  0  52   0  53
  3  79   3  80
 27   0  27   1
  9  68  10  68
 29  56  30  56
 22  20  23  20
 23   9  24   9
 27   9  27  10
 31  95  32  95
  8  61   9  61
 11  50  11  51
 26  43  27  43
  0  65   1  65
 35  95  36  95
 44  44  45  44
 19  57  19  58
  5  77   6  77
  0  17   1  17
 22  87  22  88
 26  39  27  39
 28  21  29  21
 18  11  19  11
 40  83  40  84
 42  42  43  42
 23  57  23  58
 19  76  20  76
 24   9  25   9
 15  79  15  80
 44  67  45  67
 43  28  43  29
 37  68  38  68
  1  31   1  32
 17  47  17  48
 42  18  43  18
 17  61  18  61
 21  22  21  23
  7  75   8  75
 37  22  37  23
  8  24   9  24
 35  73  36  73
 28  27  28  28
  5  26   6  26
 42  30  42  31
 40  59  41  59
 29  20  30  20
 16  36  17  36
 44  45  45  45
 24  46  24  47
 34  79  34  80
 23  51  24  51
  5  46   5  47
  2   9   3   9
 31  85  31  86
 19   5  19   6
 38  44  38  45
 43  92  44  92
  1  72   2  72
 38  33  39  33
 14  48  14  49
 32  13  32  14
 29  93  29  94
  5  93   6  93
 23  70  23  71
 21  60  21  61
 12  54  12  55
 30  29  30  30
  9  64   9  65
  5  37   6  37
 18  23  19  23
  0   7   1   7
  1  54   1  55
 33  50  33  51
  8  67   9  67
 24   5  25   5
  3  12   3  13
 32  50  33  50
  2   2   3   2
 28  89  29  89
 11  88  11  89
 37  76  38  76
 45  25  46  25
 34  16  34  17
 28  46  28  47
 20  64  21  64
 20  69  20  70
 11  25  11  26
 11  75  11  76
  6  94   6  95
 10  56  10  57
 10  82  10  83
  3  90   4  90
 32  73  32  74
 36  41  37  41
 25  87  26  87
 38  44  39  44
 28  75  29  75
 28  94  29  94
 11  83  11  84
 36  18  36  19
 45  71  46  71
  9  65   9  66
 32  44  33  44
 22  42  23  42
  3  27   4  27
 36   9  37   9
 45   3  46   3
 18  67  18  68
  0  39   0  40
  1  10   2  10
  2  90   3  90
 46  53  46  54
 30  66  30  67
 31  30  32  30
 17  95  18  95
  7  83   8  83
 38  64  39  64
 34  34  34  35
 30  10  31  10
  0  86   0  87
 23  66  23  67
 47  17  47  18
  0  78   1  78
 13  91  14  91
 16  76  17  76
 12  35  12  36
 38  50  39  50
 10  27  11  27
 27  26  27  27
 28  18  28  19
  1  74   2  74
 39  85  40  85
 25  24  25  25
 43  13  43  14
 12  78  13  78
 44  20  44  21
  6  83   7  83
  6  26   6  27
  9  89  10  89
  2   9   2  10
 45  33  46  33
 34  10  34  11
 39  21  40  21
  4  55   5  55
 24  36  24  37
 13  44  13  45
  4  40   4  41
 13   6  13   7
 18  26  19  26
  1  87   2  87
 20  66  20  67
 30  39  31  39
 44  38  45  38
  4  72   4  73
 17  58  18  58
  3  31   3  32
 14  64  14  65
 15  48  16  48
 12  84  12  85
 11  37  12  37
 35  57  35  58
 28  30  28  31
 13  27  13  28
 33  24  34  24
 13  17  14  17
 18  52  18  53
 36  75  37  75
 36   3  37   3
 28  91  29  91
  4  35   4  36
 39  74  40  74
  3  57   4  57
  1   5   1   6
 16  13  16  14
 23  81  24  81
 14  88  14  89
 44   5  44   6
 27  55  27  56
 24  48  25  48
  0   3   0   4
 16  46  16  47
  6  11   6  12
 10  67  11  67
 32  43  32  44
 36   4  37   4
 44  35  45  35
  6  90   6  91
 27  74  28  74
  8  56   8  57
 32  91  33  91
 22  76  22  77
 25  57  26  57
 34  17  35  17
 35  23  36  23
 18  50  19  50
  2  36   2  37
 40  85  40  86
 24  76  25  76
 23  25  24  25
 26  73  26  74
  6  28   6  29
 25  73  26  73
 17  19  18  19
 18  81  18  82
 27  42  27  43
  3  14   3  15
 32  85  32  86
 36  66  37  66
 23  85  23  86
 45  35  45  36
 36  82  36  83
  6  29   7  29
 22  43  23  43
 16   6  16   7
 46  75  47  75
 24  38  24  39
 42  57  42  58
 30  36  30  37
 36   1  37   1
 39  44  40  44
 40  80  40  81
 46  54  47  54
 10  77  10  78
  3  72   3  73
 31  73  32  73
 39  67  40  67
 36  55  36  56
 30  58  31  58
 17  15  17  16
 10  61  11  61
 28   8  28   9
 21  29  21  30
 18  76  18  77
  7  72   8  72
 14  70  15  70
 17  31  17  32
 29  67  29  68
 36  84  37  84
 10  80  10  81
 30  68  30  69
  5   4   5   5
  2  44   2  45
 19  32  20  32
 30  61  31  61
 10  71  11  71
  3  39   4  39
 44  86  44  87
 24  59  24  60
  5  74   5  75
 15  74  15  75
 33  58  34  58
 27  61  27  62
 26  43  26  44
  7   9   7  10
 45   7  45   8
  1  18   1  19
  3  37   3  38
 11  76  12  76
  2  55   3  55
 16  10  16  11
 30  47  30  48
 46  24  46  25
 33  16  33  17
 18   8  18   9
  4  88   4  89
  0  15   1  15
 14  45  15  45
 13  33  14  33
  0  79   0  80
 34  49  34  50
 35  20  35  21
 26  95  27  95
 14  31  14  32
 34  85  35  85
 31  79  32  79
 30  86  30  87
 17  59  18  59
 20  26  21  26
 30  21  31  21
 36  56  36  57
 11   7  11   8
 20  72  21  72
 41  35  42  35
 29  55  30  55
 12  23  13  23
 18  28  19  28
 34  15  34  16
  1  80   1  81
 36  25  36  26
  0  43   0  44
  4  13   4  14
 11  24  12  24
 36  69  36  70
 41  87  42  87
 16  12  17  12
  2   3   3   3
 18  44  18  45
 26  15  26  16
 22  15  23  15
 22  82  23  82
 10  43  11  43
 14  37  15  37
 38  42  39  42
 41  31  42  31
 25  69  26  69
  2  14   2  15
 10  19  11  19
 34   2  35   2
 35  65  35  66
 30  86  31  86
 37  47  38  47
  5  70   6  70
 40  65  41  65
  3  56   3  57
 21  84  22  84
  4  51   4  52
  1  59   2  59
  3  51   4  51
 19  72  20  72
 16   5  16   6
  8  36   8  37
 46  36  47  36
  1   8   1   9
 14  57  15  57
 10  87  10  88
 45  26  45  27
  8  39   9  39
 19  82  20  82
  8  22   9  22
  0  37   0  38
 31  34  32  34
 36  89  37  89
  1  37   2  37
 43  91  43  92
 39  48  39  49
  8  85   8  86
 40  46  41  46
  4  25   4  26
 42   7  42   8
 33  37  34  37
  1  83   2  83
  5  44   5  45
 37  26  37  27
 30  84  30  85
 39  58  39  59
 19  69  20  69
 41  32  42  32
 42  32  42  33
 14  14  14  15
 20   3  20   4
 46  15  46  16
  9   8  10   8
 37   1  38   1
 34  43  35  43
 23  86  23  87
 38  69  38  70
 45  49  46  49
  3  89   4  89
 35  62  35  63
 22  58  22  59
 40  51  40  52
 24  50  24  51
 15  67  16  67
  5  14   5  15
 47  64  47  65
 32  56  33  56
 34  58  35  58
 29  78  30  78
  3  94   4  94
  1  29   2  29
 36  13  36  14
 30  37  30  38
 29  69  29  70
 16  37  16  38
 14  11  15  11
 15  72  15  73
 19  50  20  50
 43   2  43   3
 29  47  29  48
  6  10   7  10
 13  78  14  78
 30  19  31  19
 10   0  11   0
 11  51  12  51
  8  47   9  47
 13  94  13  95
  7   6   7   7
 35  64  35  65
 17  11  17  12
  7   4   7   5
 16  48  16  49
 11  17  11  18
 31  47  31  48
 26  17  27  17
  4  73   4  74
 38  57  38  58
 31  29  31  30
 38  15  39  15
 43  81  43  82
 28  68  29  68
 20  93  20  94
 10  47  11  47
 37  66  37  67
 14  37  14  38
 20  61  20  62
 46  59  47  59
 32  32  32  33
 36  73  37  73
 14   8  14   9
 28  61  28  62
 30  57  31  57
 25  38  26  38
 21  87  22  87
 21  16  21  17
 16  77  16  78
 39  90  39  91
  0  12   0  13
 26   4  26   5
 41  91  41  92
 21  80  22  80
 12  92  12  93
 36  75  36  76
  8  75   8  76
 32   5  32   6
 43  77  43  78
 35  85  35  86
 11  75  12  75
  8  79   8  80
 15  66  15  67
 19  11  19  12
  6  87   6  88
  6  39   6  40
 21  38  22  38
 32  40  32  41
 33  52  34  52
 41  84  42  84
 17  59  17  60
  1  81   1  82
 22  24  23  24
 27  58  28  58
  1  88   1  89
  9  91  10  91
 19  80  19  81
 12  17  12  18
 23  71  24  71
 39  70  39  71
 27  42  28  42
  5  24   6  24
  1  38   1  39
 12  33  13  33
 24   8  25   8
 18  16  19  16
 41  76  42  76
 20  68  20  69
 34  90  34  91
 30  83  30  84
 34  69  34  70
 25   1  25   2
 29  86  30  86
 18  15  19  15
 32  61  33  61
 45  77  45  78
 20   0  20   1
  8  92   8  93
 35  35  35  36
 33  90  34  90
 28  35  29  35
  8  59   9  59
  2  43   2  44
  3  61   3  62
 19  48  20  48
 35  42  36  42
 20  48  21  48
 15   2  16   2
 36  42  36  43
 10  54  10  55
  9  19   9  20
 41  39  42  39
 20   8  21   8
 10  79  10  80
  3   2   3   3
 44  24  45  24
 13  21  13  22
 13   7  14   7
 31  53  31  54
 30  31  30  32
  1   3   1   4
 20  65  20  66
  2  89   3  89
 41  37  41  38
 33   4  33   5
 34  32  35  32
 40  30  41  30
 16  29  16  30
 12  50  12  51
 35  35  36  35
 17  21  17  22
 25  32  26  32
 37  72  37  73
 39  38  39  39
 35  73  35  74
 14  44  15  44
 31  87  32  87
 24  42  24  43
 21  43  22  43
 44  67  44  68
 18  19  18  20
 21  41  22  41
 23  26  23  27
 18  75  19  75
 34  28  34  29
 40  49  40  50
 21  63  21  64
 29  57  29  58
  0  58   0  59
 27  55  28  55
 29  61  29  62
 41  27  41  28
 18  34  18  35
 22  12  22  13
 17  49  17  50
 45  23  46  23
 12  71  13  71
  2  24   2  25
 39   1  39   2
 44  68  45  68
 34  70  35  70
 46  19  46  20
 45  76  45  77
 43   6  43   7
 37   3  37   4
 47  18  47  19
 46  42  47  42
 26  69  26  70
  2  82   3  82
 11  51  11  52
  2  21   2  22
 13  19  13  20
  0  55   1  55
 16  75  17  75
  1  28   1  29
 30  31  31  31
 44  29  44  30
 19  93  20  93
 11  15  11  16
  5  72   6  72
 47  39  47  40
 45  24  45  25
 23  12  24  12
 42  84  43  84
 45  94  46  94
 36  91  37  91
  7  57   8  57
 46  33  47  33
  3  59   3  60
 20  17  20  18
 31  70  31  71
 19  86  19  87
 39  56  39  57
  5  35   6  35
 46  70  47  70
  6  13   6  14
 13  16  13  17
 45  67  45  68
 18   1  19   1
  2  31   3  31
 37  94  37  95
 35  71  35  72
 15  32  15  33
 12  66  13  66
 40  44  41  44
 12  93  12  94
  5  19   6  19
  0  45   1  45
  5  25   5  26
 14  59  14  60
 42  74  42  75
 28  50  29  50
 35  26  36  26
 46  26  47  26
 36  81  36  82
  8  53   8  54
 44  79  45  79
 15  39  16  39
 37  85  38  85
 12  18  12  19
 10  89  10  90
 30  42  30  43
 46  66  47  66
 17  17  18  17
 30  66  31  66
 29   1  29   2
 36  20  37  20
 12  67  12  68
 17  84  18  84
 32  11  32  12
 30  68  31  68
 39  77  39  78
 27  50  28  50
 16  80  16  81
 41  24  41  25
 33  69  33  70
  1  63   1  64
  4  22   4  23
 24  86  24  87
  5  78   5  79
 38  39  39  39
 45  87  46  87
 15  32  16  32
 13  82  13  83
 13   8  13   9
 43   1  44   1
 31  29  32  29
 24  66  24  67
  8   2   8   3
  9  46   9  47
  0  90   0  91
 21  82  21  83
 11  31  11  32
 42  63  42  64
 31  31  31  32
 14  28  15  28
 22  44  23  44
 37  91  38  91
 43  73  44  73
 44  43  45  43
  6  51   6  52
  6  43   7  43
 46  72  47  72
 27  31  28  31
 24  45  24  46
 38  25  39  25
  7  52   7  53
 34  44  35  44
 10  66  11  66
  2  42   3  42
  8  41   9  41
 12  83  13  83
 11  81  11  82
  0   3   1   3
 18  79  18  80
 28  71  28  72
 10  41  10  42
 18  38  19  38
 17  17  17  18
 32  28  32  29
 42  77  43  77
 22  71  23  71
 20  35  21  35
 36  49  36  50
  9  29   9  30
  3  41   3  42
  7   0   8   0
  8  83   9  83
 43  80  44  80
  1  88   2  88
  6  93   6  94
 38  86  38  87
  5  91   6  91
 23  95  24  95
 38  38  39  38
  1  13   1  14
 27  17  28  17
 22  32  23  32
  2  33   3  33
 38  11  39  11
 40  83  41  83
  9   6   9   7
 38  80  39  80
 33  62  33  63
  6  49   7  49
 40  74  41  74
 15  40  16  40
 27   2  28   2
 32  15  32  16
 21  23  21  24
 13  63  14  63
 16  22  16  23
 36   7  36   8
 27  22  28  22
 34  37  35  37
 20  58  20  59
 34  29  34  30
 28  87  29  87
 38  18  38  19
 43  60  43  61
  2  23   2  24
  5  49   6  49
 30  64  31  64
  5  29   5  30
  9  84   9  85
 42  82  43  82
 37  48  37  49
 45  59  46  59
  8  19   9  19
 19  64  20  64
 40  72  41  72
 34  24  35  24
 28   6  29   6
 23  91  24  91
 25  37  25  38
 30  73  30  74
 42   2  42   3
 47  13  47  14
 34  71  34  72
 28  62  29  62
 26  82  26  83
  9  20  10  20
 19  63  20  63
 43  37  43  38
  7  64   7  65
 21  15  22  15
 25  65  26  65
  3  95   4  95
  6  76   6  77
  8  18   8  19
 45  42  45  43
  3   1   3   2
 37  33  37  34
 32  66  33  66
 11  86  12  86
 13  10  14  10
 11  72  12  72
 45  31  45  32
 20  40  21  40
 45  61  46  61
 45  81  46  81
 31  20  32  20
 40  86  40  87
  4  10   4  11
 22  37  23  37
 20  34  20  35
 24  72  24  73
 33  13  34  13
 28  51  28  52
 19  91  19  92
 39  21  39  22
  5  23   6  23
 16  33  16  34
 45  18  46  18
 30  94  30  95
 46  11  47  11
  3  87   4  87
  7  35   8  35
 22  74  23  74
 26  23  26  24
 12  82  13  82
 35  51  36  51
 34   3  34   4
 24  79  25  79
 38  69  39  69
 42  81  42  82
 20   9  20  10
 21  69  21  70
 21  27  21  28
 13  48  13  49
 13  60  14  60
 44  31  44  32
 40  31  41  31
 30  43  30  44
  5  27   6  27
 13  15  14  15
 11  14  11  15
 25  41  25  42
 21  92  21  93
 39   2  40   2
 46   6  46   7
 37   9  38   9
 17   5  17   6
  0  75   1  75
 27  44  27  45
 17  39  18  39
 31  55  32  55
 32  30  33  30
 29  68  29  69
 30  79  31  79
  0  71   0  72
 11  22  11  23
 45  80  45  81
  0  38   1  38
  6  81   7  81
 23  32  24  32
 23  50  24  50
 45  73  45  74
 34  51  35  51
 32  24  32  25
  3  50   3  51
  0  77   0  78
 28  51  29  51
 13  52  13  53
 34  66  34  67
 29  43  30  43
 38   4  39   4
 38  81  39  81
 30   9  31   9
 18  57  18  58
 36  51  36  52
 36  88  37  88
 19  39  19  40
 22  48  23  48
 29   8  30   8
  4  42   4  43
 38  75  38  76
  0  16   1  16
 33  57  33  58
 22  91  22  92
 13  85  13  86
 47  57  47  58
 14  72  15  72
 44  35  44  36
 14   1  15   1
 26  13  27  13
 40  92  40  93
 38  19  38  20
 45  83  46  83
 20  41  20  42
 37  26  38  26
  7  94   7  95
  8  45   8  46
 25  21  25  22
  2  63   3  63
  7  58   7  59
  8  25   9  25
 25  90  26  90
 17  26  17  27
 12  89  13  89
 19  49  20  49
  1  83   1  84
  1  93   1  94
  2   8   3   8
  0  54   1  54
 40  45  40  46
  8  87   8  88
 39  80  39  81
 24  23  24  24
 16  87  16  88
  0  75   0  76
 13  26  14  26
 36   0  37   0
  2  59   2  60
 32   3  33   3
 44  57  44  58
 33   1  33   2
  3  59   4  59
 44  62  44  63
 11   5  11   6
  5  17   6  17
 34   7  34   8
 29  72  29  73
  3  85   3  86
 39   8  39   9
  5  69   5  70
 21  83  21  84
 23  11  23  12
 36  87  37  87
 39  27  39  28
 36   0  36   1
 23  16  24  16
 32  18  33  18
 32  70  33  70
 26  93  26  94
 23  33  23  34
 38   9  38  10
 20  82  21  82
 34  91  34  92
 35  40  36  40
 15  45  16  45
 22  68  23  68
 37  42  38  42
  2   2   2   3
  0   0   1   0
  5  12   5  13
 14  46  15  46
 37  42  37  43
 31  51  32  51
  2  17   3  17
  3  78   3  79
 16  90  17  90
 10  13  10  14
  4  28   5  28
 24   7  24   8
  2  90   2  91
 38   2  39   2
  0  94   1  94
 41  79  42  79
 34  29  35  29
 34  94  35  94
  6  32   7  32
 25   7  26   7
 37  19  37  20
 31  79  31  80
 22  93  23  93
 37  37  38  37
 19  22  20  22
 37  50  37  51
 38  32  38  33
 30  44  31  44
  6  32   6  33
 25  13  25  14
 37  12  37  13
 23  56  23  57
 45  85  45  86
 34  21  34  22
  1  46   2  46
 35  72  35  73
  8  89   9  89
 15  29  15  30
  2  84   2  85
 21  39  22  39
 38  48  39  48
 22  49  22  50
  9  12  10  12
 34  46  35  46
 42  92  42  93
 36  10  37  10
 15  11  16  11
 12  64  13  64
 37  11  38  11
  9   1   9   2
 31  19  31  20
 34  63  35  63
 18  49  19  49
 11  77  12  77
 46  60  47  60
 13  47  13  48
 17  71  17  72
 41  90  41  91
 13  45  14  45
 34  87  35  87
 15  64  16  64
 28  41  29  41
 25   5  25   6
  1  77   2  77
 23  74  24  74
 17  22  17  23
 34  14  35  14
 21  10  22  10
 35  76  36  76
  1  58   1  59
 32   2  33   2
 46  16  47  16
 21  28  21  29
 32  89  32  90
 21  76  22  76
  7  49   7  50
 38   7  38   8
  1  85   2  85
  6  55   7  55
 14  47  14  48
 32   8  32   9
  3  47   4  47
 40  54  41  54
  0  89   0  90
 15  26  15  27
 14  60  15  60
 19  57  20  57
  1  56   2  56
 29  56  29  57
 16  89  17  89
 47  72  47  73
 34  85  34  86
  2  15   3  15
  5  68   5  69
 47  26  47  27
 38  31  39  31
 26  19  26  20
 23  66  24  66
 24  46  25  46
 40  68  41  68
  5  36   5  37
 43  27  43  28
 28   3  28   4
 34  53  34  54
 33   6  33   7
  5   2   6   2
 22  89  22  90
 27  33  27  34
 16  44  17  44
 25  46  26  46
 12  72  12  73
 34  24  34  25
  9  94   9  95
 35  83  36  83
 16  21  17  21
 45  93  46  93
 24  39  24  40
 34  84  34  85
 40  58  41  58
 29  22  29  23
 32  94  33  94
  7  81   7  82
  7   9   8   9
 31  48  32  48
 25  79  26  79
 37  75  37  76
 36  87  36  88
 42  12  43  12
  9  22   9  23
  1  19   1  20
  9  47   9  48
  5  13   5  14
 45  20  45  21
  8  14   9  14
 14  13  15  13
 34  77  34  78
  4  14   4  15
 25  84  25  85
 33  20  34  20
 45  51  45  52
 41  20  42  20
 22  36  23  36
  7  70   8  70
 37  63  37  64
 22  59  22  60
 29  10  30  10
 44  42  44  43
  3  16   4  16
 42  54  42  55
 24  31  24  32
 38  89  39  89
  8  19   8  20
  0  63   0  64
 39  18  40  18
 14  26  14  27
 30  38  31  38
 25  86  25  87
 36  58  36  59
 28  89  28  90
 22  48  22  49
 38  86  39  86
 46  25  46  26
 46  83  46  84
 33  79  34  79
  2  89   2  90
 11   0  11   1
 33  72  34  72
 40  22  40  23
 37  73  38  73
 47  35  47  36
 24  80  24  81
 11  16  11  17
  4  18   4  19
 13   2  14   2
 33  81  33  82
 17  80  17  81
 24  73  25  73
 36   5  36   6
 33  22  34  22
 47  76  47  77
 12  84  13  84
 35  86  35  87
 27  61  28  61
 16  55  16  56
 19  85  19  86
  7  15   8  15
 24  43  24  44
 15  63  16  63
 40  53  41  53
  6  49   6  50
 18  80  19  80
 23  62  23  63
 40   4  41   4
 29  13  29  14
 41  71  41  72
 45  58  46  58
 28  69  29  69
 24  81  25  81
 12  43  12  44
 25  72  26  72
 27  86  28  86
 15  24  15  25
 25  94  25  95
 22  60  23  60
 28  20  28  21
 22  46  22  47
 11  52  12  52
  3  30   4  30
  5  57   6  57
 20  78  20  79
 21  54  22  54
 25   4  26   4
 21  60  22  60
 26  71  26  72
 45  19  46  19
  4  41   5  41
  1  57   1  58
 38  85  39  85
  2  76   2  77
 33  33  33  34
 14  81  15  81
 16  78  16  79
 24   4  25   4
 26  79  26  80
 31  94  31  95
 36  30  37  30
 44  56  44  57
 26  68  27  68
 24  53  24  54
 40  75  41  75
 18  81  19  81
 37  11  37  12
 23  72  24  72
 36  11  37  11
 35  57  36  57
 33  13  33  14
 11  70  11  71
 43  64  44  64
 40   1  41   1
 38  54  39  54
 37  69  37  70
 25  35  25  36
 13  62  14  62
 14  40  15  40
 27  59  27  60
 23  21  23  22
 21  77  21  78
 46  82  46  83
  0   1   0   2
 26   6  27   6
 21  61  22  61
 22  52  23  52
 17  51  18  51
 29  70  29  71
  4   8   5   8
 17  54  17  55
 32  90  32  91
 32  23  32  24
 41  15  41  16
 36  67  36  68
 21  32  22  32
 37  25  37  26
 10  57  11  57
 30  70  31  70
 14  91  15  91
 42  73  42  74
 10  17  11  17
 41   8  42   8
 41  75  42  75
 43  35  44  35
 38   6  38   7
  8  53   9  53
 40  64  41  64
 17   3  17   4
 38  60  39  60
 30  71  30  72
 19   7  19   8
  0  13   0  14
 28  83  28  84
 41  26  42  26
  4  11   5  11
 31  91  32  91
 12   2  13   2
 38  29  39  29
 13   4  13   5
 35   8  36   8
 13  13  13  14
 47  63  47  64
  7  17   8  17
 25  10  26  10
 39  77  40  77
 30  91  30  92
 27  81  27  82
 26  89  26  90
 15   4  16   4
  5  14   6  14
 22  67  22  68
 29  23  30  23
 23  77  23  78
  5   1   5   2
 41  34  42  34
 19  49  19  50
 35  53  36  53
  4  15   4  16
  0  56   0  57
 44  20  45  20
 46  69  47  69
 26  51  26  52
  8  65   9  65
 36  28  36  29
 16  79  16  80
  4  69   4  70
  5  39   6  39
 33  44  33  45
 31  77  31  78
 10  52  10  53
 30  59  30  60
 16  40  16  41
 18  18  18  19
 10  76  10  77
 22  65  23  65
  7  38   7  39
  8  28   8  29
 35  50  35  51
 40  32  41  32
 11  23  11  24
 31   7  31   8
 47  83  47  84
 41  66  42  66
 27  13  27  14
 22   3  22   4
 21  41  21  42
 15  78  15  79
 24   8  24   9
  9  41   9  42
 26  61  27  61
  3  71   3  72
  2  30   3  30
 21  17  22  17
  2  65   2  66
 45  61  45  62
 25  36  26  36
  6  31   6  32
 45   0  46   0
 45  86  46  86
 30   2  31   2
  0  60   0  61
 40  70  40  71
 29  94  29  95
 30  48  31  48
 27  12  27  13
 41  27  42  27
 22  20  22  21
 12  26  13  26
 41   6  42   6
 17  90  17  91
 37  76  37  77
 23  93  24  93
 27  29  28  29
 32  87  33  87
 32  81  32  82
 10  88  11  88
 39  55  40  55
 13   9  13  10
 39   5  40   5
  8  69   9  69
  6   1   7   1
 26  24  26  25
 12  56  12  57
 31  88  31  89
  5  88   5  89
 39  15  40  15
  4  50   5  50
 32  64  33  64
 43   2  44   2
 15  69  15  70
 25  32  25  33
  9  34  10  34
  2  74   2  75
 11  52  11  53
 14  17  15  17
 30  16  31  16
 26  15  27  15
 21  53  21  54
 26  28  27  28
 32  93  33  93
 39  52  40  52
 38  93  38  94
 27  83  28  83
 35  12  36  12
 16  72  16  73
 46  31  46  32
 29  58  29  59
 35  76  35  77
 33  86  33  87
 38   6  39   6
 26  79  27  79
 41  74  41  75
 13   3  13   4
  5   8   6   8
 42  61  42  62
  3  44   3  45
 46  44  46  45
 32  62  32  63
 42  29  43  29
  4   3   5   3
 25  39  25  40
  5  71   5  72
 21  33  21  34
 34  28  35  28
 39   5  39   6
 47  14  47  15
 29  61  30  61
 44  53  45  53
 16  15  17  15
 28  64  28  65
 37  65  38  65
  3  68   3  69
 35  84  36  84
 19  23  20  23
 40  61  40  62
 25  83  25  84
 47  87  47  88
 31  10  31  11
 14  73  15  73
 39  59  40  59
 18  39  19  39
 46  49  46  50
 12  52  13  52
 24  57  25  57
 32  10  33  10
 38  93  39  93
 29  48  29  49
 19   7  20   7
 12  79  12  80
  3  10   3  11
 39  38  40  38
 30  77  30  78
 24  75  25  75
 16   8  16   9
  9  37   9  38
  9  74   9  75
 41  23  42  23
  2  80   3  80
  2  48   3  48
 14  63  14  64
 38  78  39  78
  8  44   8  45
  0  26   0  27
 30   1  31   1
 17  46  18  46
 32  57  33  57
 13  59  14  59
 26  54  26  55
 10  54  11  54
  9  21   9  22
 22   0  23   0
 19  87  19  88
 18  13  18  14
 13  11  14  11
 39  88  39  89
 33  30  33  31
 28  10  28  11
 27  52  27  53
 22  85  23  85
 25   5  26   5
 15  15  15  16
 30  24  31  24
  9  32   9  33
 46  22  47  22
 24  90  24  91
  7  30   7  31
 17  86  17  87
  6  47   6  48
 24  25  25  25
 32  61  32  62
 31   8  32   8
 31   4  31   5
 21  24  21  25
 28  74  28  75
 10  24  10  25
  9  77   9  78
 35  34  35  35
 45  90  45  91
 17  72  17  73
  4  71   4  72
 22  55  23  55
 12  48  13  48
 30  35  30  36
 26  65  27  65
 12  24  13  24
 38  13  39  13
  4  34   5  34
 39  60  39  61
 26   7  26   8
 40  75  40  76
 27  25  27  26
 39   9  39  10
 21  92  22  92
  1  13   2  13
  7  32   7  33
  9   5   9   6
 12  41  12  42
  4  58   4  59
 29   7  29   8
  5  59   5  60
 36  53  37  53
 33  18  34  18
 45  60  45  61
 44  82  44  83
 34  27  35  27
 45  18  45  19
 31  93  32  93
 37  63  38  63
  4  65   5  65
  1  30   1  31
  9  63  10  63
  6  57   7  57
 20  70  21  70
 10  81  10  82
 38  94  39  94
 47  22  47  23
 22  28  22  29
 33  42  33  43
  1  62   2  62
 19  51  19  52
 39  72  39  73
  7  16   7  17
  7  60   7  61
 27  78  28  78
 13  31  14  31
  6  10   6  11
 12  23  12  24
 36  45  37  45
 42   8  42   9
 12  15  12  16
 14  75  15  75
 26  89  27  89
  4  68   4  69
 40  94  41  94
 35  58  35  59
 42  29  42  30
 32  83  32  84
 22  80  22  81
 15  50  15  51
 18  90  19  90
 14  54  14  55
 24  68  25  68
  5  92   5  93
  2  40   3  40
 12  19  13  19
 24  91  25  91
 44  80  45  80
 43  82  44  82
 30  33  30  34
 32  29  33  29
 18  72  19  72
 38   0  39   0
 40  78  41  78
 45  43  45  44
  6  14   7  14
  8  55   8  56
 45   3  45   4
 43  25  44  25
 31  50  32  50
 44  11  44  12
 28  37  28  38
 37  45  37  46
 37  74  38  74
 21  36  21  37
 23  59  24  59
 27  70  27  71
  1  42   1  43
 28  40  29  40
  7  33   7  34
 41  84  41  85
 23  31  24  31
 20  23  21  23
 43  43  43  44
  3  76   3  77
 15  17  16  17
 46  82  47  82
 26  90  26  91
 26  87  26  88
  1  72   1  73
  6  95   7  95
 42  17  43  17
 22  34  23  34
 28  55  28  56
 16  62  17  62
 41   5  41   6
 33  18  33  19
 45  29  46  29
  6  89   7  89
 33  70  34  70
 21   2  21   3
  7  51   8  51
 44  25  45  25
  5  70   5  71
  7  25   8  25
 38  24  38  25
  8  63   8  64
 42  13  43  13
  7  68   8  68
  5  51   5  52
 43  95  44  95
 39  59  39  60
  6  37   6  38
 14  70  14  71
 37  92  38  92
 40  21  40  22
 27  39  28  39
 29  83  30  83
 10  95  11  95
 33  51  34  51
 15   9  15  10
 45  40  45  41
 34  76  35  76
  7  39   7  40
 23  53  24  53
  0  17   0  18
 19   1  20   1
 37  16  37  17
 27  69  28  69
 12  21  12  22
 30  51  31  51
 17  67  17  68
 27   5  28   5
 34  93  34  94
 37  15  37  16
 40  66  41  66
  8  52   9  52
 19  58  19  59
 12  51  13  51
 26  10  26  11
 43  42  43  43
  2  72   3  72
 22  75  23  75
 25  33  25  34
  5  80   5  81
 12   8  13   8
  0   5   0   6
 39  49  39  50
  2  83   2  84
 40  14  41  14
 28   0  29   0
  4   1   5   1
 44  72  44  73
 46  55  47  55
  7  63   8  63
 26  16  27  16
 17  14  17  15
 13  75  14  75
 22  31  23  31
 41  41  42  41
 44  55  44  56
  9  26  10  26
 21  34  22  34
 15  20  16  20
 42  45  43  45
 38  85  38  86
  5  56   5  57
 45  21  45  22
 42  33  42  34
 22   2  22   3
 16   5  17   5
  1  15   2  15
 35   0  35   1
 25  47  26  47
 20  81  20  82
  2  11   3  11
 40  27  40  28
 42   1  43   1
  9  36  10  36
 39  87  39  88
  2  16   3  16
  9  33   9  34
  4  30   4  31
 12  19  12  20
 30   4  31   4
 36  32  37  32
 43  76  43  77
 23  58  24  58
 21  40  22  40
 12  77  13  77
 46  15  47  15
 10  15  11  15
 22  17  23  17
 31  14  32  14
 28  49  28  50
 26  77  26  78
 35  70  36  70
  4  13   5  13
 45  47  45  48
 25   2  25   3
 23  83  24  83
 23  72  23  73
 12   9  13   9
  0  56   1  56
 15  23  16  23
 12   2  12   3
 14  84  15  84
 18  71  19  71
 23  18  24  18
 18  34  19  34
 44  77  44  78
 30  50  30  51
 27  33  28  33
 28  84  28  85
  9  28  10  28
 21  21  21  22
 31  88  32  88
 20  12  20  13
 28  56  28  57
 17  85  18  85
 34  47  34  48
 20  85  20  86
 21  55  22  55
 29  44  29  45
 10  42  10  43
 24  60  25  60
 15  43  16  43
  8  62   9  62
 35  15  36  15
 28  12  28  13
 10   4  10   5
  2  10   3  10
 23  42  24  42
 15  47  16  47
 22  76  23  76
  4  26   4  27
 23  47  24  47
 28  37  29  37
 46  12  47  12
 19  90  20  90
  3  43   3  44
 20  39  20  40
 20  91  20  92
 42  60  42  61
  4  71   5  71
 16  44  16  45
 42  33  43  33
 20  53  21  53
 27  28  28  28
 16  39  17  39
 26  84  26  85
  4  60   4  61
 21   6  21   7
  8  58   9  58
 28  91  28  92
 32  86  33  86
  1  11   2  11
 27   1  27   2
 15  11  15  12
 23  13  24  13
 43  38  44  38
 35  29  36  29
  5  54   6  54
 16  93  16  94
  1  65   2  65
 11  71  12  71
  0  67   1  67
 40  38  40  39
  6  87   7  87
 17  31  18  31
 13  72  14  72
  7  40   8  40
  3  66   3  67
 24  69  25  69
 46  30  46  31
  0  31   1  31
  9  43  10  43
 46  19  47  19
  6  43   6  44
 42  81  43  81
  9  42   9  43
 39  46  40  46
 21  55  21  56
 47  93  47  94
 22  41  22  42
 38   0  38   1
  8  88   9  88
 41  61  42  61
  7  24   8  24
 10  32  10  33
 39  32  40  32
 41  69  42  69
 47  41  47  42
 11  39  12  39
 36  50  37  50
 30  17  31  17
 41  43  42  43
 44  12  45  12
 35  62  36  62
 29  21  30  21
  1  91   2  91
 44  73  44  74
  2  64   2  65
 25  31  26  31
 15  71  16  71
 44  40  44  41
 30  27  31  27
  6  34   6  35
 38  41  38  42
 36  15  37  15
 25  56  25  57
 28  29  28  30
 46  93  47  93
  5   0   5   1
 45  57  46  57
  9  75   9  76
 33  23  33  24
 41  44  42  44
 27  75  27  76
 17  69  17  70
 17  42  17  43
 13  88  14  88
 22  77  22  78
  8  17   8  18
 20  27  20  28
 35  40  35  41
 12  37  12  38
 39  65  39  66
 34  33  34  34
