MAZE 32 64
 16  55  16  56
 27  62  28  62
 10  23  10  24
  0   1   0   2
 28  34  29  34
 13  45  14  45
 12  41  13  41
 12  55  13  55
 23  55  23  56
 11   9  11  10
 11  31  11  32
 18  36  18  37
 22  56  23  56
 26  31  26  32
 19  33  20  33
 12  10  13  10
 27  58  27  59
 25  35  25  36
 19  29  19  30
 12  42  13  42
 27  51  27  52
  2  18   2  19
 24  17  25  17
 11  34  12  34
 26  52  26  53
 19  27  20  27
 18  15  18  16
 29  55  29  56
 13  41  14  41
  4  45   5  45
 19  59  20  59
 13   3  13   4
  0  13   0  14
  1  24   2  24
  9  26   9  27
 23  40  24  40
 15  54  16  54
 20  36  20  37
 14  11  14  12
 22  54  22  55
 11  14  11  15
  9  54  10  54
  0  29   1  29
 24  46  24  47
  2   5   2   6
  5  39   5  40
 10  44  10  45
 29  37  29  38
 14   3  15   3
 16  35  17  35
 25   5  26   5
 12  15  12  16
  3  42   4  42
 10  57  10  58
 15  14  16  14
 28  52  29  52
 31  28  31  29
 28  38  28  39
 11  54  12  54
 21  25  22  25
 17   1  17   2
 19   6  20   6
 28   7  29   7
 14  27  15  27
 13  18  13  19
 12   1  13   1
  8  31   8  32
  7  15   8  15
 17  20  18  20
 15   0  15   1
 29  53  29  54
 12  38  13  38
 29  60  30  60
 18  50  18  51
 11  25  12  25
 18   1  18   2
  1  63   2  63
 24  21  24  22
  8  25   9  25
 19  19  19  20
 11   6  12   6
 14  19  14  20
 29  27  30  27
 11  40  11  41
 22  30  23  30
 26  56  26  57
 19  25  19  26
 21   7  22   7
 22   8  22   9
  9  26  10  26
 18   9  19   9
 16  52  16  53
 10  26  10  27
  3  50   4  50
 29  11  29  12
  3  15   3  16
 23  30  24  30
 24   9  24  10
 22  62  22  63
 30  10  30  11
  2  41   2  42
  1  14   1  15
  4  32   5  32
 29  42  30  42
 12  19  13  19
 13  52  14  52
 13  47  13  48
  5  44   5  45
 25  13  25  14
 18  24  18  25
  3  38   4  38
 11  25  11  26
 20  59  20  60
 21  27  22  27
 21  61  22  61
 10  33  11  33
 28  46  29  46
 13   8  13   9
  7  30   8  30
  8  42   8  43
 20  10  20  11
 29   3  29   4
 19  20  19  21
 24  42  25  42
  1  54   2  54
 17  30  17  31
 20   4  21   4
 20  11  20  12
 23  47  23  48
 25   8  26   8
 10  42  10  43
  5  51   5  52
  8  30   8  31
  2  31   3  31
 18  53  19  53
  3  17   4  17
 14  34  14  35
 24   8  25   8
 10  31  11  31
 23   8  24   8
  2  26   2  27
  1  61   1  62
 15  52  16  52
 13  45  13  46
 16  49  16  50
 26  59  27  59
 22  47  23  47
 21  52  21  53
 30  27  31  27
 29  12  30  12
 17  57  17  58
 17  13  17  14
 21  54  22  54
 14  21  14  22
 30  46  30  47
  5  35   6  35
  4  18   4  19
 13  39  14  39
 16  27  16  28
 18  32  18  33
 20  35  21  35
 19   4  20   4
 15   2  15   3
  5  11   6  11
 22  12  23  12
  1  33   2  33
 20  25  20  26
  6  54   6  55
  6   8   6   9
 11  35  12  35
 22  18  22  19
 12  46  12  47
 31  32  31  33
 23  13  24  13
  2  58   3  58
 22   6  23   6
 12   4  12   5
  1   6   2   6
 26  48  27  48
 20  36  21  36
  5  36   5  37
 11  21  11  22
  7   6   8   6
  7  31   7  32
  8  53   8  54
 15  23  16  23
 15  47  15  48
 14  48  14  49
 19   1  19   2
  0  37   1  37
 13  26  13  27
 11  44  12  44
 23  29  24  29
 12  20  13  20
 16  42  17  42
 19  11  20  11
 30   7  30   8
 24  26  25  26
  1  58   1  59
 30  48  30  49
 11  22  11  23
 11  34  11  35
  2  13   3  13
 24  53  24  54
 24  26  24  27
  2  24   2  25
  7  50   8  50
 11  28  11  29
  1  27   2  27
  8  60   9  60
 22   1  23   1
  4  35   5  35
 13  56  13  57
 16  34  17  34
  1  18   2  18
 24  27  25  27
 24  55  25  55
 26   8  27   8
 29  10  30  10
  7  26   8  26
 12  14  12  15
 28  31  29  31
  0  56   1  56
 24  41  25  41
 14  26  15  26
 23  48  23  49
 15   8  16   8
 14  39  14  40
  2  62   2  63
 21  47  22  47
  0  34   0  35
  0  26   0  27
  3  56   4  56
  0   8   1   8
 23  41  24  41
 25  15  26  15
 21  12  21  13
  8  41   8  42
 26  55  27  55
  3  35   4  35
 19  21  19  22
  2  23   3  23
 23  54  24  54
 16   6  16   7
 22  35  22  36
 19  24  20  24
 30  47  30  48
 31  43  31  44
 18  44  18  45
 15  49  15  50
 23  33  23  34
 24  46  25  46
 31  41  31  42
  3  46   4  46
 28  61  29  61
  6  23   6  24
 28  50  28  51
  8  14   9  14
  3  37   3  38
  9   8  10   8
  4  25   4  26
  0  30   1  30
  0  62   1  62
  6  48   7  48
 28   4  28   5
  2   7   3   7
 17  47  18  47
 12   6  12   7
  0  15   0  16
  5   4   5   5
  8  56   9  56
 22  31  22  32
  2  27   3  27
 26  20  27  20
  4  37   4  38
 21   8  21   9
 22  27  23  27
 26  28  26  29
  8  15   9  15
 27   1  28   1
 23  35  24  35
 29  44  30  44
 10  62  11  62
 24  58  24  59
 23  44  24  44
  0   7   1   7
 12  45  13  45
 13   2  14   2
 14  42  15  42
 20  24  20  25
  7  52   8  52
 12  21  12  22
  7  33   8  33
 14  49  14  50
 30  45  31  45
  0   0   0   1
 16  56  16  57
  1  40   2  40
  0  28   0  29
 26  54  27  54
  3  48   4  48
 22   5  22   6
  4  47   4  48
  3  54   4  54
 17  56  17  57
 15  11  15  12
  0  36   1  36
  3  19   3  20
 14  50  14  51
  6  36   6  37
 28  25  28  26
 14  17  15  17
 15  16  16  16
  4  23   5  23
  5  40   5  41
 11  53  12  53
 29  57  29  58
 16  59  16  60
 23   2  23   3
 27  37  27  38
 20  25  21  25
 16  38  17  38
  1  44   2  44
  5  22   5  23
 26  26  27  26
 14   5  14   6
 25  47  25  48
  5   7   6   7
 30  22  30  23
 16  32  17  32
 11  10  11  11
  2  15   2  16
 23  43  24  43
 25  62  26  62
 18  52  18  53
 25  30  25  31
  3  16   3  17
 13  55  13  56
 18  15  19  15
 13  31  14  31
  4   6   5   6
 30  59  31  59
  7   4   8   4
 17  60  17  61
 10  43  11  43
 16  14  17  14
  8   1   9   1
 15  51  15  52
 17  36  17  37
 30  52  30  53
 13   2  13   3
 27  30  27  31
  9  36   9  37
  7   7   7   8
  1   4   2   4
  6  17   6  18
 24  47  25  47
 13  21  14  21
 26  47  27  47
  6  36   7  36
  5  49   5  50
 16   5  17   5
 11  27  12  27
 28  34  28  35
  5  16   5  17
 14  59  15  59
 31  29  31  30
 18  31  19  31
 18  58  19  58
 14   9  14  10
 15  36  16  36
 14  52  14  53
 16  29  17  29
  0  19   1  19
  4   0   5   0
  6  52   7  52
 13   1  13   2
  8  23   8  24
 15  38  16  38
 18  14  18  15
  6  26   7  26
  9  58   9  59
 28  42  29  42
 23  19  23  20
  3  26   3  27
  5  54   6  54
  9  25   9  26
 29  49  30  49
  4   1   5   1
  3  23   3  24
 13  46  14  46
 15  25  16  25
 16   6  17   6
 26  28  27  28
  1  30   2  30
 16  14  16  15
 13  54  14  54
  0  45   1  45
 21  55  21  56
 18  38  19  38
 25   7  26   7
 13   4  13   5
 20  21  20  22
 25  43  25  44
  7  54   8  54
 20  27  21  27
  2  14   3  14
 30  55  31  55
 10  25  11  25
  8  33   8  34
 28  36  28  37
  6   7   7   7
 12   7  13   7
 12  56  12  57
 14  53  15  53
 20   2  21   2
 23  14  23  15
 13  59  13  60
 12  39  13  39
 12   7  12   8
  8  43   9  43
 18  60  18  61
 15   3  15   4
 29  17  29  18
  5  56   6  56
 26  50  26  51
  8  22   9  22
  1   9   2   9
 11  17  11  18
 30  42  30  43
 28  18  28  19
  7  56   8  56
 11  41  11  42
 26  29  26  30
  3  40   4  40
 20  51  21  51
 25  61  26  61
 27  11  28  11
 21  12  22  12
 25  48  26  48
 17  44  18  44
  6  15   7  15
 23  20  23  21
  5  27   5  28
 27  15  27  16
  8  42   9  42
 31  46  31  47
  8  35   8  36
 27   5  28   5
 22  16  22  17
  5  36   6  36
 26  24  26  25
 20   6  21   6
 25  17  26  17
  9  42  10  42
 20  17  20  18
  6   6   6   7
  6  37   7  37
  1  59   1  60
 18   4  18   5
 12  34  13  34
 24   2  24   3
  9  52   9  53
 10  35  11  35
  2   4   2   5
  3   9   4   9
 28  15  29  15
 20  49  20  50
 27  29  28  29
  7  40   8  40
 22  57  22  58
 20  29  20  30
 27   1  27   2
 20  15  21  15
  9  60  10  60
  2   1   2   2
 10   9  10  10
 21  15  22  15
 12  57  12  58
 17  41  18  41
  9  54   9  55
 28  43  29  43
 25  44  26  44
 16  37  16  38
 23  16  24  16
 17  36  18  36
  5  25   5  26
  1   5   1   6
 25  55  25  56
 11  60  12  60
 23  24  23  25
  4   7   4   8
  6  57   6  58
  3  60   4  60
 29  47  29  48
 19  52  20  52
  3  50   3  51
  7   2   7   3
 10  61  10  62
 15  34  15  35
 10  24  10  25
 25  44  25  45
 18  48  18  49
 16  19  16  20
  8  40   8  41
 10  27  11  27
 22  53  22  54
 16  59  17  59
 12  52  13  52
 12  60  12  61
  6  47   7  47
 16  19  17  19
  7   3   7   4
 21  18  22  18
 27  18  27  19
  3   4   4   4
  1  20   2  20
  7  11   7  12
 27  40  28  40
 17  46  17  47
 24  45  25  45
  6  49   6  50
 20  18  20  19
  4  59   5  59
 14  51  15  51
  8  56   8  57
 23   5  24   5
 12  59  13  59
 22  43  22  44
 26  60  27  60
  4  60   4  61
 24  37  25  37
 13  15  13  16
 26  19  26  20
  5  41   6  41
 10  39  10  40
  9  23   9  24
 22  13  23  13
 19  17  20  17
 23  27  24  27
 28  23  28  24
 20  55  21  55
 10  15  10  16
 31   3  31   4
 12  26  12  27
  2  38   3  38
  9  42   9  43
 14  15  15  15
 23  17  24  17
  2  24   3  24
 11  19  12  19
 26   0  26   1
  4  22   5  22
 18  16  19  16
  2   0   2   1
 23  53  23  54
 19  53  19  54
 22   9  22  10
 10  59  11  59
 17  46  18  46
 15   8  15   9
 14  44  15  44
 12  28  13  28
  9  51   9  52
 25  62  25  63
  6  28   7  28
 26  57  27  57
 14  15  14  16
 14  30  14  31
 22  40  23  40
  5   9   5  10
  9  29   9  30
  7  45   8  45
  7   8   8   8
 30  25  31  25
 23   5  23   6
  4  14   4  15
  9  40   9  41
  6  31   6  32
  7  57   8  57
  9   3   9   4
 15  46  16  46
  6  60   7  60
 23   1  23   2
 20  45  21  45
 12  11  12  12
 15   0  16   0
 21   1  21   2
  0  51   0  52
  4  34   5  34
 17  11  18  11
 11   2  11   3
  1   7   1   8
  8   7   9   7
 24  33  24  34
 28  57  29  57
  1  34   1  35
 19  54  19  55
 14  23  15  23
  8  54   8  55
 31  21  31  22
  3  36   4  36
 17  50  17  51
  2  25   3  25
 24  32  25  32
 20  42  20  43
 11  28  12  28
 24  31  25  31
  4  26   5  26
 17  26  17  27
 23  34  24  34
 24   1  24   2
 18  27  19  27
 11  14  12  14
 14  39  15  39
 18  12  18  13
 29  44  29  45
 17  13  18  13
  2  16   2  17
 17  11  17  12
 16  16  16  17
 30  21  30  22
 27  49  27  50
 20  23  21  23
 21   0  22   0
  6  62   7  62
 13  33  14  33
 23  51  23  52
  6  42   7  42
 22  38  22  39
 14  43  15  43
  0  53   1  53
 19  39  20  39
 26  39  26  40
 29  16  30  16
 28  40  29  40
 16  51  17  51
 19  45  20  45
  1  28   1  29
  9  43   9  44
  7   5   8   5
  6   9   7   9
 11  45  12  45
 29  48  30  48
  5  62   5  63
 13   7  13   8
 16  40  17  40
  9  16  10  16
 19   3  20   3
 12  51  13  51
 17  49  18  49
 27  39  28  39
 16  53  16  54
  1  43   1  44
 29  22  30  22
  9  20   9  21
  9  38  10  38
  7  37   8  37
 19  19  20  19
 17  29  18  29
 22  42  22  43
 23  44  23  45
  1  20   1  21
 10  18  10  19
 27   3  28   3
 29  34  30  34
 24  15  25  15
 21  23  21  24
  2  60   3  60
 17  35  17  36
 19  12  19  13
 18  51  19  51
  9  32  10  32
  2  32   2  33
  7  60   7  61
 23  57  24  57
  7  62   7  63
 12  48  13  48
  2  17   3  17
 28  32  28  33
 16  34  16  35
 26  17  26  18
  5  60   5  61
 23  23  24  23
 10  12  10  13
 26  13  27  13
 31  35  31  36
 15   6  16   6
  2  49   2  50
 20  22  21  22
 20  43  20  44
 10  28  10  29
 10   7  11   7
 17  62  18  62
 11   8  12   8
 21  19  21  20
  0  25   0  26
 23  28  23  29
 26  30  27  30
 28   6  28   7
 31  24  31  25
  3  21   3  22
 21  36  22  36
  7   1   7   2
 21  26  21  27
  9  23  10  23
  2   9   3   9
 23  15  23  16
  1  11   2  11
  6  46   6  47
  8  33   9  33
 21  53  21  54
 25  22  26  22
 21  33  22  33
 24  14  24  15
 24  40  24  41
 10  16  10  17
 17  43  18  43
 17  19  18  19
  2  17   2  18
 18  43  18  44
 28   3  29   3
 24  30  25  30
 27  45  27  46
 13  29  14  29
 30  33  30  34
 14  56  14  57
 27  22  27  23
 16  56  17  56
 28   9  28  10
 26  34  27  34
  9  61  10  61
 18  38  18  39
 26  14  26  15
  2  48   3  48
  6  59   6  60
 25  37  26  37
 18   8  18   9
  1  45   1  46
 20  28  21  28
  8   5   9   5
 27  25  28  25
 19  40  20  40
 27  25  27  26
 11   5  11   6
  4  45   4  46
 19  62  20  62
 11  49  12  49
  7  53   7  54
 23  60  24  60
 11  22  12  22
 22  20  22  21
 22  25  23  25
  6  32   6  33
 11  13  12  13
  5  22   6  22
 12  50  12  51
 30  19  31  19
  6   6   7   6
  6  17   7  17
 27  47  27  48
  4  11   5  11
  4  19   4  20
 18  46  18  47
 17   7  18   7
 31  59  31  60
 18  62  19  62
 23  48  24  48
 27  57  28  57
  3  11   3  12
 12  36  12  37
  9  18  10  18
 19  55  20  55
 27   9  28   9
  8  27   9  27
  3  22   4  22
 18  33  19  33
 12  22  12  23
 25   6  25   7
  9  28  10  28
 24  52  24  53
 17  29  17  30
 27  48  28  48
 28  42  28  43
  4  40   4  41
 28  50  29  50
  5  14   6  14
  1  48   2  48
 28  29  28  30
  0  57   1  57
 11  48  12  48
 19   9  20   9
 27  12  28  12
  1  46   2  46
 10  11  10  12
  6  50   7  50
 16  28  17  28
 20  56  21  56
 13  27  13  28
 29  26  29  27
 10  27  10  28
 13  26  14  26
 28  17  28  18
  2  43   3  43
  8  60   8  61
 30  41  30  42
 16  32  16  33
 21  55  22  55
 28  19  28  20
 20  19  21  19
 18  25  18  26
 24   9  25   9
  5  48   5  49
 25  40  26  40
 10  52  10  53
 22  33  23  33
 25  56  26  56
 25  31  25  32
  4   8   5   8
 26  46  26  47
 19  28  20  28
 22  46  23  46
 28  16  29  16
 15  44  16  44
 25  24  25  25
  8  15   8  16
  6  30   7  30
 23   6  24   6
  9  56   9  57
 15  48  15  49
 10  48  11  48
  3  36   3  37
 16  39  17  39
  8  44   9  44
  8  48   8  49
 14   7  15   7
  4  15   4  16
  6   1   6   2
  5  32   6  32
 10  50  10  51
  1  36   1  37
 27  43  27  44
 14  22  14  23
  6  10   7  10
 23  26  23  27
 26  40  26  41
 10  32  10  33
  0  32   1  32
 23   8  23   9
 14  33  15  33
 19   3  19   4
 30  24  30  25
 19  32  19  33
 23  61  24  61
  7   9   8   9
 13  58  14  58
  6  13   6  14
 25  19  26  19
 22  51  22  52
  0  38   0  39
 20  46  21  46
 28  54  28  55
 30  52  31  52
  2   4   3   4
  4  28   5  28
  7  17   8  17
 13  15  14  15
  9   7   9   8
 22   3  22   4
  5  47   5  48
  5  38   6  38
  5   4   6   4
  0  58   1  58
 19  62  19  63
 21  15  21  16
  2  56   2  57
 21  11  22  11
  6  61   6  62
 29  61  29  62
 22  22  23  22
  7  25   7  26
  4  28   4  29
 16  21  17  21
 19  31  19  32
  2  44   3  44
 22  10  22  11
 16  12  16  13
 21  52  22  52
  1   8   1   9
 15  27  15  28
  0   3   0   4
  6  42   6  43
  3  34   3  35
 21  22  22  22
  8   9   8  10
 30  18  31  18
  4  52   5  52
  4  32   4  33
  2  20   2  21
 15  32  15  33
 11  45  11  46
 26  10  26  11
 12  17  13  17
 12  20  12  21
 13  30  14  30
 20  13  20  14
 21  33  21  34
 23  28  24  28
 22  59  22  60
  3  14   4  14
 23  58  23  59
 22  61  23  61
 15  12  15  13
  2   8   3   8
 28   4  29   4
 17  38  17  39
 10   4  10   5
 12  56  13  56
 13  32  13  33
  2   8   2   9
  6  22   6  23
 11   1  12   1
  0  20   0  21
  7  29   8  29
  3  15   4  15
 17  25  17  26
 27  12  27  13
 19  49  20  49
 30  56  31  56
 15  40  16  40
 27   2  28   2
  1  22   2  22
 28  49  29  49
 11   1  11   2
  9  47   9  48
  1  32   1  33
 23  58  24  58
 17  10  17  11
 15  17  15  18
 31   4  31   5
  0  39   0  40
 18  54  18  55
  3   1   3   2
  5  43   5  44
 29  23  30  23
  6  34   7  34
 10  54  11  54
  3  25   4  25
 15  29  16  29
  5  46   5  47
  1  52   2  52
 10   1  11   1
 30   2  30   3
 22  35  23  35
 27  20  28  20
 26  63  27  63
 19  23  20  23
 15  13  15  14
 28  35  28  36
 16   7  17   7
 27   6  27   7
  8  44   8  45
  6  27   7  27
  4  50   4  51
  6  12   7  12
  7  24   8  24
 10  39  11  39
 18   8  19   8
 12  12  12  13
  2  13   2  14
  5  38   5  39
  9   8   9   9
 16  17  17  17
 29  26  30  26
 26   1  27   1
 12  49  12  50
  6   9   6  10
  1  46   1  47
 19  27  19  28
  1  39   2  39
  2  37   2  38
 18  56  19  56
 15  39  16  39
 24  33  25  33
 25  38  25  39
 25  51  25  52
 22   4  23   4
 16  11  16  12
 17  14  17  15
  2  33   3  33
 20  57  20  58
 21  43  21  44
 21   5  21   6
 23  42  24  42
 27  15  28  15
 27  24  28  24
 18  11  18  12
 23  32  23  33
  3  45   4  45
 29  50  29  51
 29   8  30   8
 17  24  17  25
  9  10   9  11
 19  23  19  24
 14  42  14  43
 19   8  19   9
 27  17  28  17
 28  27  28  28
 20  59  21  59
 24  29  25  29
 20  15  20  16
 21  29  22  29
 25  29  25  30
 19  54  20  54
  6  55   7  55
 25  25  25  26
 25  36  25  37
 10  53  10  54
 29  12  29  13
 19  42  19  43
  5  61   5  62
 28  48  28  49
 11  36  12  36
 13  25  13  26
 20   8  20   9
 15   7  15   8
  9  34   9  35
 10  51  11  51
 29  60  29  61
 14  56  15  56
  1   5   2   5
 17  18  17  19
 23  31  23  32
 13  62  13  63
 27  41  27  42
 11  48  11  49
 20  42  21  42
 19   1  20   1
 23  37  23  38
 26  23  27  23
 28  20  28  21
 24  18  24  19
  9   6   9   7
 23  38  23  39
 27  16  27  17
 16   4  17   4
 12  63  13  63
 24  17  24  18
  9  11  10  11
  9  35  10  35
 16  55  17  55
 25  11  25  12
  6  41   7  41
  1  40   1  41
 30  18  30  19
 23  62  23  63
  4  48   5  48
 27  61  28  61
 14  46  14  47
  8  39   8  40
 28  16  28  17
 19  13  19  14
 27  10  28  10
 25  55  26  55
 11  12  11  13
 24  60  25  60
 16  53  17  53
 13   8  14   8
 13  13  14  13
 17  63  18  63
 19  49  19  50
 30   7  31   7
 16  22  17  22
 29  21  30  21
 14   7  14   8
 17  53  18  53
 15  30  15  31
 13  52  13  53
 25  23  26  23
 24  62  25  62
  1  59   2  59
 29   1  30   1
 27  61  27  62
 11  60  11  61
 22  33  22  34
 28  60  28  61
 25  33  25  34
 18  48  19  48
  2  56   3  56
 24  57  25  57
 18  17  18  18
 31   6  31   7
 28  22  29  22
  9  14  10  14
  0  14   0  15
 29  39  29  40
  8  27   8  28
 10  32  11  32
 26  51  27  51
  2  51   2  52
 21  50  22  50
  7  52   7  53
  7  38   8  38
 25  40  25  41
  4  53   4  54
  0  27   1  27
 21  32  22  32
 29  28  29  29
 23  20  24  20
  6  63   7  63
  0  61   1  61
  6  28   6  29
 27  29  27  30
 13  12  13  13
 19  22  19  23
  6  21   6  22
 18  35  19  35
  4  51   4  52
 26  43  27  43
 22  37  23  37
  1  47   2  47
 21  10  21  11
  9  45  10  45
  6  50   6  51
 29  32  29  33
 27  24  27  25
  5  42   5  43
 12  30  13  30
 11  58  12  58
 23  57  23  58
 15  21  15  22
 22  41  22  42
 26  12  26  13
 24  11  25  11
  0  47   0  48
  5  15   5  16
  0  40   1  40
 25  58  25  59
 22  29  22  30
 21  53  22  53
  8  19   8  20
 11  37  12  37
 30  54  30  55
 20  30  20  31
 25  13  26  13
 13  34  13  35
  4  58   5  58
 16   9  17   9
 19  41  19  42
  9  11   9  12
 20  60  20  61
 15  61  16  61
 19  51  20  51
 30  19  30  20
  9  19  10  19
 27  56  28  56
 14  45  15  45
 14  48  15  48
 30   4  30   5
 17  33  18  33
 26   7  26   8
  8  34   9  34
  3  58   4  58
  0   4   0   5
 30  61  31  61
 19  18  20  18
 12   2  12   3
 26  52  27  52
 15  41  15  42
 28  26  29  26
 28   8  28   9
 30  34  30  35
 13  37  13  38
 13  31  13  32
  1  30   1  31
  4  42   5  42
 20  53  20  54
 17  39  18  39
 13  16  14  16
 10   2  10   3
 16  57  16  58
  5   5   5   6
 17  47  17  48
 11  51  11  52
 30  60  31  60
 14  40  15  40
 14  49  15  49
 20   0  21   0
 31  12  31  13
 24   5  24   6
 25  20  25  21
 28  44  29  44
  9  52  10  52
  7  17   7  18
 16  15  16  16
 21  57  22  57
 14  36  15  36
 20  50  21  50
  1  22   1  23
 17  17  18  17
 12  32  12  33
 17  40  18  40
  8  21   8  22
 11  39  11  40
  1  49   1  50
  5  20   6  20
 15  45  15  46
 28  58  29  58
  6   3   7   3
  3  46   3  47
 26   2  27   2
  9  49  10  49
  1  12   1  13
 27  46  28  46
 30  37  31  37
 24  61  24  62
 25  56  25  57
 19   7  20   7
  3  40   3  41
 17  20  17  21
 30  57  31  57
 17  35  18  35
 25  47  26  47
 26  36  26  37
 21  38  21  39
 13  24  13  25
 30  28  31  28
 17  51  17  52
 31  37  31  38
 29  57  30  57
 17  61  17  62
 15  18  15  19
  8  22   8  23
 27  31  28  31
 29   6  29   7
 26  27  27  27
  5  55   5  56
  9  14   9  15
 15  26  16  26
 27  53  28  53
 22  34  23  34
 30  14  30  15
 15  50  16  50
 14  22  15  22
 18  59  18  60
 14  62  14  63
 16   3  17   3
 15  56  15  57
 28   1  29   1
  5  34   6  34
 20  58  21  58
  3  20   3  21
 21  57  21  58
  0  53   0  54
 30  45  30  46
 10   0  10   1
 21  29  21  30
  5  10   5  11
 16  26  16  27
  6  20   7  20
 27  44  27  45
 13   1  14   1
 12  58  13  58
  9  21   9  22
 31   1  31   2
  2  50   3  50
  0  49   1  49
 15  13  16  13
 11   6  11   7
 30  53  30  54
 14  32  15  32
 28  39  28  40
 11  61  11  62
  4   4   5   4
 13  41  13  42
 21  51  22  51
  7  59   7  60
 29  31  30  31
 30  50  31  50
  6  53   7  53
 19  30  19  31
 17   9  18   9
  3  52   3  53
 22  19  22  20
  0  47   1  47
  2  54   3  54
 15  44  15  45
  1  13   2  13
 29  13  30  13
 18  39  18  40
 10  57  11  57
  0  54   0  55
  5  46   6  46
 27  40  27  41
 25  59  25  60
 22  24  23  24
 31  19  31  20
 22   0  22   1
 18  19  19  19
  4  20   5  20
 18  62  18  63
  8  28   8  29
  4  10   4  11
 14  11  15  11
 24  40  25  40
  8  38   9  38
 15  22  16  22
 18  61  19  61
 27  55  27  56
 30  21  31  21
 15  21  16  21
  3  35   3  36
  6  39   6  40
  8  17   9  17
 26  20  26  21
 20   1  21   1
 27  32  27  33
 15  17  16  17
  6  20   6  21
 20   8  21   8
  5  59   6  59
  7  58   8  58
 29  36  30  36
  1   9   1  10
  7  10   8  10
 21  48  21  49
 11  16  12  16
 13  42  14  42
  8  38   8  39
 29  35  29  36
 15  51  16  51
  3  43   3  44
 26  15  27  15
 23  16  23  17
 19  15  20  15
 30   0  31   0
  9  31   9  32
 14  17  14  18
 26  45  26  46
 15  59  16  59
  8   9   9   9
 10  20  10  21
  2  31   2  32
 16  46  16  47
  0  11   1  11
 20  44  21  44
  6  33   6  34
 29  17  30  17
  9  13  10  13
 22  45  22  46
 22   8  23   8
 27  16  28  16
 13  18  14  18
  5  10   6  10
 24  12  25  12
  8  41   9  41
  6  58   7  58
 28  60  29  60
 21  42  22  42
 15  42  15  43
  1  55   2  55
 25  34  26  34
 23  59  23  60
  6  45   7  45
  7  38   7  39
 22  17  23  17
 21  24  22  24
  7  13   7  14
 12   9  13   9
 12  13  12  14
 21   2  21   3
 10  58  10  59
  8  45   9  45
 26   6  27   6
 24  49  25  49
  5  29   5  30
 25  11  26  11
 31  54  31  55
 12   5  13   5
 24   4  24   5
 16  63  17  63
 13  10  13  11
 19  45  19  46
 20  47  20  48
  5  63   6  63
 10  36  10  37
  3  60   3  61
  6   8   7   8
 20  33  21  33
  5  39   6  39
 27   3  27   4
 24  23  25  23
  0   2   0   3
  1  25   1  26
  8  48   9  48
 13  43  13  44
 21  37  21  38
 20  20  20  21
 28  56  29  56
 15  60  16  60
 30  13  30  14
  9  37   9  38
  7  34   7  35
 30  51  30  52
 26  26  26  27
  9  50  10  50
 26  35  27  35
 25  14  25  15
  7  22   7  23
 26  51  26  52
 22  44  22  45
  4  55   5  55
 26  53  26  54
  5  28   5  29
 25  50  25  51
 14   2  14   3
 23  23  23  24
 29  45  30  45
  3   4   3   5
 19  40  19  41
 30   5  30   6
 17  43  17  44
 15   9  15  10
 23  37  24  37
 21  37  22  37
 15  33  15  34
 29  38  29  39
 14  35  15  35
 17  30  18  30
 11  57  12  57
 10  56  10  57
 19  13  20  13
  3  57   3  58
  1  57   1  58
 18   3  18   4
 10   9  11   9
  4   2   4   3
 25  21  25  22
 27  23  27  24
 27  11  27  12
 26  44  26  45
  6  43   6  44
  4  16   5  16
 16  29  16  30
 10   2  11   2
  0   5   1   5
 23  11  23  12
 21  58  21  59
  4  13   5  13
 16  23  16  24
  9  61   9  62
 21  23  22  23
  3   7   4   7
 17  32  18  32
 23  52  23  53
  2   1   3   1
 11  11  11  12
  0  18   0  19
 25  21  26  21
  7  19   8  19
 25  50  26  50
 17  31  17  32
 26  58  26  59
 24  57  24  58
 22   3  23   3
  4  27   5  27
  5   8   5   9
 20  47  21  47
  8   1   8   2
 21  40  21  41
  8  62   9  62
 23  11  24  11
  2  45   3  45
  2  28   2  29
 13  57  13  58
  4  54   4  55
  8  35   9  35
 15  62  16  62
 12  31  13  31
  3  13   4  13
  6  58   6  59
 15  37  15  38
  3  28   3  29
 30  58  30  59
 26  37  27  37
  3  54   3  55
 13   5  14   5
 17   8  18   8
  4  19   5  19
 21  30  21  31
 29  51  29  52
 30  53  31  53
  9   1  10   1
 24  50  24  51
 14  29  15  29
 28  36  29  36
  3  28   4  28
  7  43   8  43
 10  29  11  29
  7  48   8  48
 15  32  16  32
 26  32  26  33
  3  10   4  10
 25  42  26  42
  9  49   9  50
 19  46  19  47
 21  41  22  41
 16  18  16  19
  5  12   5  13
  6  47   6  48
 30  12  31  12
 21  34  21  35
 17  58  17  59
  7  23   7  24
  1  57   2  57
 17  45  18  45
 28  37  28  38
 26  38  26  39
  7  39   8  39
 15  39  15  40
 12  17  12  18
 11  18  12  18
  3  23   4  23
 24  24  24  25
  3  31   4  31
 30  17  31  17
 12  29  13  29
 15   6  15   7
 24   7  24   8
 31  14  31  15
  3   0   4   0
 24  19  24  20
  2  62   3  62
 20  34  20  35
 13   6  13   7
  6  12   6  13
  7  50   7  51
 31  34  31  35
  9  12  10  12
 13  61  14  61
  5  56   5  57
 30  40  31  40
  1  16   1  17
 28   6  29   6
  1  54   1  55
 28  46  28  47
  8  20   8  21
 27  60  28  60
  8  46   9  46
 29  29  29  30
 30  41  31  41
 20   1  20   2
 25   6  26   6
 17   4  17   5
  0  62   0  63
 14  61  15  61
 21  20  21  21
 25   0  25   1
 10   3  10   4
  9  56  10  56
 24  19  25  19
  5  29   6  29
  5  19   6  19
 20  39  21  39
 16  48  17  48
 15  57  16  57
 20  16  20  17
 20  45  20  46
  8  51   8  52
 12  21  13  21
  7  37   7  38
 22  14  23  14
 13  44  14  44
 17   3  17   4
 12  61  12  62
 19  37  19  38
 23  46  24  46
 21  14  22  14
  5  52   6  52
  6  40   6  41
  7  51   8  51
  0  33   0  34
 18  59  19  59
  2  12   3  12
 11  38  12  38
  2  10   3  10
  5  13   5  14
 27  33  27  34
  5   2   5   3
 19  43  20  43
 10   0  11   0
 13  35  13  36
 11  29  11  30
 15   5  16   5
 22  49  23  49
 13  14  14  14
 30   9  31   9
  7  20   7  21
 27  28  28  28
 26  33  26  34
 24  38  25  38
 30  63  31  63
  3  27   3  28
 27   8  28   8
  9  31  10  31
 19  61  20  61
 30  23  31  23
 10  47  10  48
 24  54  25  54
  8  12   9  12
  7  21   8  21
 19  42  20  42
 11  41  12  41
  2  52   2  53
 22  39  22  40
 28  33  28  34
  1  56   2  56
 28  26  28  27
 18   2  18   3
  6  23   7  23
 13  53  13  54
 11   4  12   4
 21  39  21  40
 24   6  24   7
  7  13   8  13
 17   5  17   6
  5  40   6  40
 23  55  24  55
 15  63  16  63
  1  49   2  49
 25   3  26   3
  1  50   1  51
  3  62   3  63
  7  46   8  46
 11  47  12  47
  6  25   7  25
 25   2  26   2
 29  13  29  14
 13  36  13  37
  2  30   3  30
 21   6  22   6
  4  18   5  18
 25  41  26  41
  1  42   1  43
  9   5   9   6
 16  21  16  22
  3  29   3  30
  0  25   1  25
 11  30  12  30
 22  40  22  41
 12  24  12  25
  2   3   3   3
  6  18   7  18
  3  61   3  62
 28  24  28  25
 20  61  20  62
 11  19  11  20
 21  62  21  63
 22  14  22  15
 21  46  21  47
 25  18  26  18
 11  55  11  56
  9  28   9  29
  8   5   8   6
  0  23   0  24
  8   0   8   1
 18   6  19   6
 15  30  16  30
 11  56  12  56
  0  22   1  22
 23  25  24  25
 17   2  17   3
 13  37  14  37
  7  59   8  59
 24  49  24  50
  2  45   2  46
 19  47  20  47
 17  55  18  55
 21  62  22  62
 10   4  11   4
 15  57  15  58
 27   7  27   8
 17  21  17  22
 31  30  31  31
 10  56  11  56
 28   2  29   2
 14  58  14  59
 11  23  12  23
 29   2  29   3
 16  45  17  45
 27  49  28  49
 19  35  19  36
 27  52  27  53
 10  10  11  10
  4  23   4  24
  4  49   5  49
 26  18  26  19
  1  37   2  37
 14   5  15   5
 22  50  23  50
  8  57   8  58
 20  51  20  52
 27  54  28  54
  5  14   5  15
  0  17   0  18
 18  27  18  28
  7   0   8   0
 14   1  14   2
 27  20  27  21
 20   7  20   8
 21  10  22  10
 25  17  25  18
  4  31   5  31
 20  48  21  48
  5  24   5  25
 28   2  28   3
 25   9  26   9
  9  51  10  51
 16  50  16  51
 22  38  23  38
 21  44  21  45
 18  12  19  12
 18  55  19  55
 30   6  30   7
 22   2  23   2
 18   5  19   5
 29  30  30  30
  3   5   4   5
  2  53   3  53
 30  40  30  41
 19   0  19   1
 27  14  28  14
 26   6  26   7
  0  35   0  36
 12  23  12  24
 28  21  29  21
 12  44  12  45
  8   6   9   6
 12  48  12  49
  4   7   5   7
 30  35  30  36
 30  54  31  54
 19  41  20  41
  5   1   6   1
  5  60   6  60
 27  44  28  44
  8  18   9  18
 27  21  28  21
 17  22  18  22
 14  31  14  32
 21   5  22   5
 25   3  25   4
 10  13  11  13
 10  38  11  38
  1  35   2  35
  2   2   3   2
 29  29  30  29
 10  60  11  60
  6  45   6  46
  1  61   2  61
 31  10  31  11
  3  42   3  43
 26  53  27  53
  6  57   7  57
  7  29   7  30
 15  37  16  37
  6  14   6  15
  5  51   6  51
 14  24  14  25
 16  27  17  27
 22  49  22  50
 14  20  14  21
 10   8  10   9
 18  28  19  28
  2  39   3  39
  9  44   9  45
 21  13  21  14
 28  10  28  11
 19  48  20  48
 17  25  18  25
  9  34  10  34
 28  62  29  62
 27   4  27   5
 11  37  11  38
  0  12   0  13
 21  42  21  43
  6  43   7  43
 31  47  31  48
 31  49  31  50
  0  16   0  17
 13  32  14  32
  9  15  10  15
  0  50   0  51
 20  28  20  29
 24  50  25  50
 14  47  15  47
 17  23  18  23
  3  34   4  34
  5  58   5  59
 17  41  17  42
  2  57   3  57
 16   0  16   1
 11   3  12   3
 21  31  21  32
 12  62  12  63
  5  27   6  27
 16  26  17  26
 10  50  11  50
 26  57  26  58
  9  46  10  46
 29  21  29  22
  9  24  10  24
 25  12  26  12
  0  42   0  43
 21   9  21  10
 23  63  24  63
  9  62   9  63
 26  22  26  23
  4  57   4  58
 20  34  21  34
  9  17  10  17
 11   3  11   4
  4   3   5   3
  5  17   5  18
 15  29  15  30
 13   9  13  10
  7  36   8  36
 25  34  25  35
 11  43  12  43
  5  30   6  30
 18  40  18  41
  8  50   9  50
  7  24   7  25
  9  29  10  29
 23  13  23  14
  9  19   9  20
 25   1  26   1
 13  35  14  35
  6  31   7  31
 20  60  21  60
 18  17  19  17
 19  57  20  57
 17  45  17  46
 18  28  18  29
  1  31   1  32
 19  16  20  16
  0  43   0  44
 26  42  27  42
 18  11  19  11
  5  25   6  25
 22  62  23  62
 26  41  27  41
 30  16  31  16
  0  42   1  42
 19   6  19   7
 12  53  12  54
  1  10   2  10
 20  21  21  21
  4  34   4  35
  8   2   8   3
 12   3  13   3
 10  45  10  46
 24  59  25  59
 19  29  20  29
 14  37  14  38
 25  27  25  28
 13  20  14  20
 30  38  31  38
  3  31   3  32
 13  61  13  62
 30  60  30  61
 18  49  19  49
 17  37  17  38
 29  30  29  31
 29   2  30   2
 30  37  30  38
 23  49  23  50
 14  54  14  55
 24  25  24  26
 25  63  26  63
  2  47   3  47
 10  46  10  47
  4   3   4   4
  8  13   8  14
  7  46   7  47
 28  13  28  14
 16  10  17  10
  5  37   5  38
 19  30  20  30
 20  35  20  36
  5  30   5  31
  4  30   4  31
 16   8  17   8
 23   0  23   1
 27  18  28  18
 23  52  24  52
 20   5  21   5
  2  41   3  41
  0  21   0  22
 30   8  31   8
  6   0   6   1
 17   0  18   0
 26  33  27  33
 28  57  28  58
  0   9   0  10
 24  35  25  35
  7  20   8  20
 18  58  18  59
 27   9  27  10
 11  40  12  40
 10  19  11  19
 11  52  12  52
 15   1  16   1
 14  60  14  61
 18  23  18  24
 29  48  29  49
 23   3  24   3
 31   2  31   3
 13  62  14  62
  8  17   8  18
  7  18   8  18
  4  55   4  56
 22  37  22  38
 12  27  12  28
  1  10   1  11
  6  55   6  56
 13  23  14  23
 31  31  31  32
  7  28   7  29
  6   4   7   4
 12  60  13  60
 30  62  30  63
  3  55   3  56
 27  42  28  42
 26  46  27  46
 22  18  23  18
 11  50  12  50
  8  37   9  37
 15  35  16  35
 26  21  26  22
 15  11  16  11
  8  47   9  47
  7  61   8  61
  2  47   2  48
  7  39   7  40
  4  36   5  36
 24  22  25  22
  2   2   2   3
 20   9  21   9
 30   6  31   6
  8   3   8   4
 22  21  22  22
 10  21  11  21
