MAZE 56 28
 49   9  50   9
 14  27  15  27
 48  17  48  18
  0  26   1  26
 46   6  47   6
 34  23  34  24
 37   9  37  10
 47   1  47   2
 39  20  40  20
 46  20  47  20
  8  17   8  18
 10  16  10  17
 54   9  55   9
 50  26  51  26
 15   9  15  10
 20   8  20   9
  2  26   3  26
 43  14  43  15
 54   6  54   7
 47  23  48  23
 26  21  27  21
  1  13   1  14
  9  13  10  13
 45   6  46   6
 28  12  29  12
 22  18  23  18
 26   5  26   6
 42  14  43  14
 21   8  22   8
 37   2  37   3
 35  13  36  13
 43   0  44   0
 12  18  13  18
 34  26  34  27
 35  15  35  16
 32  24  32  25
 16   7  16   8
 16   8  17   8
 55   7  55   8
  5  16   5  17
  5  10   5  11
 26   6  26   7
 40  16  41  16
 53  25  53  26
 47   5  48   5
  4   3   4   4
 27   8  28   8
 13   0  14   0
 47   3  48   3
  3  24   4  24
 45   2  45   3
 18  23  18  24
 15  15  16  15
 45  20  46  20
 16   5  16   6
  0  13   1  13
  5  21   5  22
 31  13  32  13
 34  13  34  14
  1   5   1   6
 14  11  14  12
 33  25  34  25
 34  11  35  11
 10   1  11   1
  0  22   1  22
 49   4  50   4
 38  10  38  11
 51  17  52  17
 31   1  31   2
 24   3  24   4
  4  25   5  25
 38  16  38  17
 23   7  23   8
 46  25  46  26
 34  23  35  23
  9   3  10   3
 48   5  49   5
  9   2   9   3
 36  10  37  10
 53  23  54  23
 54  18  54  19
 19   6  19   7
  1  12   1  13
 33  21  33  22
  2  24   3  24
 38  16  39  16
 13   3  13   4
  0  20   1  20
  7   6   7   7
 38  15  38  16
 34   3  35   3
  4  24   4  25
 14  16  15  16
 52  23  52  24
 50   8  51   8
 39   5  39   6
 44  21  45  21
 37   4  37   5
 26   9  27   9
 27   3  28   3
 48  13  48  14
 54   4  55   4
  7   7   7   8
 31   9  32   9
 19  11  20  11
 27   7  27   8
 43  17  43  18
 54  16  54  17
  0  12   1  12
  5   3   6   3
  6   2   6   3
 24  19  24  20
 46  22  46  23
  5  27   6  27
 40  13  40  14
 28   8  29   8
 33  22  33  23
  2  22   3  22
  3  12   3  13
 33  18  33  19
  5   9   5  10
 50  15  50  16
 47   3  47   4
 21   3  21   4
 52  17  52  18
 47  18  47  19
 52  24  52  25
 39  11  39  12
 11   9  12   9
 32  12  33  12
 49  16  49  17
 17   6  17   7
 40   7  40   8
 24  17  25  17
 46  21  47  21
  3   5   4   5
 20  26  21  26
 37   1  38   1
 40  22  41  22
  9  18   9  19
 25  15  26  15
 48   0  49   0
 33   5  33   6
 48   4  48   5
 36   9  36  10
  8   8   9   8
 34  19  34  20
 46   7  47   7
 46  16  46  17
  9  23  10  23
 26  11  27  11
 14  17  14  18
 26  13  26  14
 39  13  39  14
  9  17  10  17
 34  22  35  22
 22   7  22   8
  4  16   5  16
  4  23   5  23
 29  11  30  11
 29   1  29   2
 51  14  52  14
  2   6   3   6
  8  14   9  14
 37  23  38  23
 11   1  11   2
 45   7  45   8
  6  25   6  26
 17   4  17   5
 13  12  14  12
 55  11  55  12
 42   0  43   0
  0   0   0   1
 30  17  31  17
  6  21   7  21
 32   8  33   8
 43   3  44   3
 30  10  30  11
 26   1  26   2
 35  21  35  22
 27  17  28  17
  4   0   4   1
 54  19  55  19
 35  19  35  20
 17   0  17   1
 11  23  12  23
 15  11  15  12
 11  10  11  11
 30  24  30  25
  8  11   9  11
  4  11   5  11
 13   6  13   7
 27  14  28  14
 35  25  36  25
 14  24  15  24
 37  10  37  11
 42   8  42   9
 28   9  28  10
  3   2   4   2
 53   3  53   4
 47   7  48   7
  5  10   6  10
 29   3  30   3
  4   0   5   0
 21  13  21  14
  3  15   4  15
 40   8  41   8
 12   8  13   8
 40   7  41   7
 55  15  55  16
 26   8  27   8
 50  15  51  15
 45  23  45  24
 41  13  42  13
 44   3  44   4
 51   9  52   9
  6  24   6  25
 38  17  39  17
 13  22  13  23
 49  21  49  22
  4   1   5   1
 47  15  47  16
  2  23   2  24
 47  10  48  10
 38  10  39  10
 34  14  35  14
  2   7   2   8
 30  20  30  21
 40  22  40  23
 45   3  45   4
  6   2   7   2
 12  26  13  26
 42   5  43   5
 39   1  40   1
 10   5  10   6
  4  19   4  20
 41  18  42  18
 42  15  42  16
 21  17  21  18
 18  10  18  11
  5  26   6  26
 31  12  32  12
 44   8  45   8
 12  22  13  22
 34  21  35  21
 10  23  10  24
 26   0  27   0
 17  19  18  19
 26   2  27   2
 25  17  25  18
  0  10   1  10
 37  24  38  24
 28  13  28  14
 30  13  30  14
 16  13  17  13
  6  23   7  23
 11  17  12  17
 33  14  33  15
 43  26  44  26
 46  25  47  25
 32  20  32  21
 31  11  31  12
 26  26  26  27
 19  16  19  17
 30   3  31   3
  9   4   9   5
 23   3  23   4
 29  16  29  17
  5  20   5  21
 36   3  36   4
 16   1  16   2
 42  27  43  27
  8  18   8  19
 23  22  24  22
 40   9  40  10
 29  24  29  25
 41  10  42  10
 37   4  38   4
 49   2  50   2
 52  25  52  26
 20  24  21  24
 26  21  26  22
 18   3  19   3
 11  22  11  23
 27  15  27  16
 32  11  33  11
 24  21  25  21
 35   5  35   6
 26   4  26   5
 39   2  39   3
 26  18  26  19
  6  24   7  24
 27  27  28  27
 24   7  25   7
 22   8  23   8
  2   1   2   2
 37  20  37  21
 36  15  37  15
 47  17  48  17
 53   9  54   9
 31  19  31  20
 42  23  42  24
 16  10  16  11
 36  14  36  15
 25   0  26   0
 24  26  25  26
 16  26  17  26
  5  12   5  13
 44   4  45   4
 40  23  41  23
  1  24   1  25
  9  18  10  18
 43   1  44   1
  5   4   5   5
 18  17  19  17
 28  26  29  26
 50  14  50  15
 50  16  51  16
 49  17  50  17
 49  24  49  25
 24  12  24  13
 34  18  35  18
 16   6  16   7
 43   5  43   6
 46   6  46   7
 25  20  26  20
 29  15  30  15
 18  12  18  13
  9  26  10  26
 11  15  12  15
 42   6  43   6
  7  12   8  12
 42  12  42  13
 53   4  54   4
 11  25  11  26
 28  23  29  23
 33   4  34   4
 33   9  33  10
 35  13  35  14
 42  17  42  18
 36   7  37   7
 14  17  15  17
 24  21  24  22
  6  19   7  19
  1  21   1  22
 12   4  13   4
 30  19  31  19
 25   5  26   5
  8   5   9   5
 28  14  29  14
 28   6  29   6
  7   9   8   9
  4  22   4  23
  8   9   8  10
 22  17  22  18
  5  18   6  18
 44   8  44   9
  2   0   3   0
  4   6   5   6
  8  21   9  21
  4  20   5  20
 45   3  46   3
 54   1  55   1
 15  14  15  15
  9  10   9  11
 39  26  40  26
 28  15  29  15
 10  14  11  14
  4  16   4  17
 18  24  19  24
 10  24  10  25
  7  12   7  13
 36  21  36  22
 24   2  25   2
 23  12  24  12
 48  26  48  27
 50  24  51  24
 15   2  16   2
 42   3  43   3
 18  26  19  26
 37  22  37  23
 33   7  34   7
 21  16  22  16
 21  19  22  19
 24   4  24   5
 39  23  39  24
  2   5   3   5
 38   4  38   5
 14   9  14  10
 54  18  55  18
 15  13  15  14
 42  16  43  16
 31   4  31   5
 55  23  55  24
  6  15   7  15
 36  15  36  16
 47  13  48  13
 55   5  55   6
 49   5  49   6
 36   8  37   8
 21  23  21  24
 41   5  41   6
 27  15  28  15
 29   6  30   6
 47  11  47  12
 36  16  36  17
 22  27  23  27
 52   4  53   4
 50  12  51  12
 17  10  17  11
 39  18  39  19
 19  24  19  25
  6   5   6   6
 41  24  41  25
 51  13  52  13
 52   5  53   5
 52  10  52  11
 18  16  19  16
 28  17  28  18
 53  18  54  18
 28  12  28  13
 39   9  39  10
  3  18   4  18
 15  19  15  20
 49  11  49  12
  2  15   2  16
 45   1  45   2
 48  14  49  14
 36   5  36   6
 51   4  51   5
 21  13  22  13
 20  23  21  23
 42   7  43   7
 48  11  48  12
  3   9   4   9
 38   7  39   7
  4  18   4  19
 13   7  14   7
  7  18   7  19
 44  19  45  19
 31  26  32  26
 17  10  18  10
 17  21  18  21
  1  27   2  27
 50  19  51  19
 17   3  17   4
 11  24  11  25
  1  14   1  15
 40   0  40   1
  6  10   7  10
 12   2  13   2
 14  25  15  25
  7   8   7   9
 22   6  23   6
 19  21  20  21
 25  22  26  22
 40  13  41  13
 47   0  47   1
 19  26  20  26
  1  20   1  21
 13   7  13   8
 26  11  26  12
 14  16  14  17
 36   6  36   7
 10   7  11   7
 28  25  29  25
 31  12  31  13
 29   5  30   5
 48   7  48   8
 19   4  20   4
 42   2  42   3
 20  15  20  16
 14   5  15   5
 32  13  33  13
 49   8  49   9
 40  17  40  18
 44   6  45   6
 46  23  47  23
 33  26  33  27
 50  17  51  17
 32  25  32  26
 48   9  48  10
 28  20  28  21
 14   9  15   9
 27  14  27  15
 10  11  10  12
 50   3  50   4
 21  25  21  26
 53  12  54  12
  9   1   9   2
 54   2  54   3
 17   0  18   0
 37  25  38  25
 45  24  46  24
 43  25  44  25
 38  23  39  23
 10   8  10   9
 21  10  22  10
 16  12  16  13
 15   5  15   6
 30  15  30  16
 13  14  13  15
 15  25  16  25
 38  25  39  25
 49  14  50  14
 32  22  32  23
 43  22  43  23
 18  19  18  20
 28  22  28  23
  4  27   5  27
 29  20  30  20
 33   4  33   5
 35   6  35   7
 15  17  16  17
 21  23  22  23
 52  11  52  12
 51  19  51  20
 45  12  46  12
 48  16  49  16
 38   5  38   6
 22  12  22  13
 11  12  12  12
 31  20  31  21
 52  21  52  22
 44  12  45  12
  9   0   9   1
 33  24  33  25
 15  12  15  13
 44  14  45  14
 22   2  22   3
 20  17  21  17
 41   2  42   2
 49   0  50   0
 44  17  44  18
 42  25  42  26
 11  11  12  11
 20  20  20  21
 11  17  11  18
 47   0  48   0
  4  26   4  27
 50  10  51  10
 30  25  30  26
 42  10  42  11
 25   6  25   7
 18  21  18  22
 42  21  43  21
  1  23   1  24
 32  23  32  24
 11  19  12  19
 40  20  41  20
  7  10   8  10
 34  25  35  25
 16  27  17  27
 45  20  45  21
 41  26  41  27
 39   6  40   6
  4  17   5  17
  3  14   4  14
 53  24  53  25
 40   4  40   5
 14   6  15   6
 36  17  37  17
 30   1  30   2
 31  17  32  17
 45  13  45  14
  4  13   4  14
 46  13  47  13
  3  20   3  21
 17  14  18  14
 19  23  19  24
 49   3  50   3
 26  24  26  25
 44  13  44  14
 42  22  42  23
  8  10   8  11
 34   6  35   6
 30   9  30  10
 27   6  28   6
 46  13  46  14
 21  14  22  14
 47  26  48  26
 20   5  21   5
 41   3  41   4
 29  17  30  17
 21  18  21  19
 40  11  40  12
  9   3   9   4
 23  26  23  27
  2  21   3  21
 27   3  27   4
 11  14  11  15
 16  20  16  21
 15  24  15  25
 14   2  14   3
 18   1  19   1
 52  19  52  20
 13  21  13  22
 50  26  50  27
  6  13   6  14
  3  11   4  11
 13   8  13   9
 31  16  31  17
 17  15  18  15
  1   9   1  10
 47  20  48  20
 25  16  25  17
 46  15  46  16
  1   3   1   4
 22  15  23  15
 33  21  34  21
 11   3  12   3
 16   9  16  10
 48   1  48   2
 26  26  27  26
 31  18  31  19
  9  20  10  20
 41   4  42   4
  5  24   6  24
  6   0   6   1
 36  26  37  26
  9  14   9  15
 30   1  31   1
 39  16  40  16
 29  19  30  19
  7   1   8   1
 44  25  44  26
 26  19  26  20
 49  21  50  21
  1   4   1   5
 20  18  20  19
 43  11  43  12
 45  18  46  18
  5  11   6  11
 21  22  22  22
 44   0  45   0
 15   3  16   3
 48  25  49  25
 25   2  25   3
 10  13  11  13
 25   7  25   8
 18  22  19  22
 11  25  12  25
 28  20  29  20
 12  12  12  13
 47  22  48  22
 38  18  38  19
  0  19   1  19
 41  27  42  27
 52  16  53  16
 50  10  50  11
 47   1  48   1
 34  16  34  17
 41  17  42  17
 53  13  53  14
  4   4   4   5
 24  15  24  16
 23   5  24   5
 40   3  40   4
 34  12  34  13
 39  10  39  11
 52   1  52   2
  3  19   3  20
 34  13  35  13
 42  12  43  12
 18  10  19  10
  0   3   0   4
 23   5  23   6
 53  22  54  22
  9  15   9  16
  0  25   1  25
 20  22  21  22
  0  14   0  15
 39  14  39  15
  2   0   2   1
 44  16  45  16
 14   6  14   7
 20   7  21   7
 11   3  11   4
 50  24  50  25
  4   6   4   7
 28   7  28   8
 24   5  24   6
 26   3  26   4
 50   5  51   5
  9  25   9  26
 52  10  53  10
  2  17   3  17
 12  11  12  12
 49   7  49   8
  6   1   6   2
 14  18  15  18
 35  18  35  19
 35   8  35   9
 29   4  29   5
 44  18  45  18
  8   6   9   6
 46  10  46  11
 22  25  23  25
 17   7  18   7
 54   1  54   2
 19  18  19  19
 21   4  21   5
 43  21  44  21
 22   6  22   7
 16  18  17  18
 48  22  49  22
 27   1  27   2
 17  17  17  18
 43  12  44  12
 21  25  22  25
 55   9  55  10
 37  19  37  20
 27  24  27  25
 29  12  29  13
 11   8  12   8
 10  18  11  18
 33  18  34  18
 27  25  28  25
 51   7  52   7
 12  10  12  11
 28  24  28  25
 29   0  29   1
 15   6  16   6
 19   3  20   3
 24   8  25   8
 29  22  30  22
 25  13  25  14
 20  10  21  10
 36   7  36   8
 15   3  15   4
 38   3  38   4
 51  16  51  17
  1   6   1   7
 28  18  28  19
 53   2  54   2
 16  21  17  21
 33  17  33  18
 31  21  31  22
  1  17   2  17
 47  12  48  12
 11   6  11   7
 26   4  27   4
 14  19  14  20
 24   8  24   9
 29  13  30  13
 29  23  29  24
  8  21   8  22
 16  17  16  18
  8  19   9  19
 37  11  37  12
 46  26  46  27
 14  15  14  16
  8   8   8   9
 43   8  43   9
 26  24  27  24
 25  24  25  25
 52  25  53  25
 24  23  24  24
 34   4  35   4
 12  15  12  16
 49  12  50  12
  5   6   6   6
 52  26  53  26
 38  20  39  20
 15  16  15  17
 12  20  12  21
 24  23  25  23
 39   0  39   1
 45   6  45   7
 52   6  53   6
  1  18   2  18
 15  26  16  26
  4  17   4  18
  6  14   6  15
 38  24  39  24
 12   5  12   6
 33   8  33   9
 19   4  19   5
 42  20  42  21
 13  24  14  24
 32  17  33  17
 39   9  40   9
  8  22   9  22
 21   6  21   7
 43  24  43  25
 45  10  46  10
 19  16  20  16
 53   7  54   7
 15   2  15   3
 44  13  45  13
 15  20  16  20
 17  20  18  20
 50  11  50  12
  0  13   0  14
  4  15   5  15
 49   2  49   3
 36   2  37   2
  9  27  10  27
  0  23   0  24
 54   3  54   4
 49  19  49  20
 27  20  28  20
 31   2  32   2
 21   6  22   6
 40   0  41   0
 38  26  38  27
 39  18  40  18
 36   4  36   5
 41   9  41  10
 54  23  55  23
 16   2  16   3
  3   5   3   6
 17   6  18   6
 36  18  37  18
 25  10  26  10
 25  12  25  13
 43   7  43   8
 42  10  43  10
 45  16  46  16
 52  12  52  13
  3  13   3  14
  5   0   5   1
 30   7  31   7
 25  23  26  23
 22  13  22  14
 20   2  21   2
 40   3  41   3
  8  23   8  24
 49  23  49  24
 16  16  17  16
 24   1  25   1
 31   8  32   8
 32   6  32   7
 50  18  51  18
 44  22  45  22
 41  20  41  21
 24  10  25  10
  4   3   5   3
 51   3  51   4
 53  11  54  11
  5  19   5  20
 50  13  51  13
 34  10  34  11
 40   5  41   5
 31   3  32   3
  3  13   4  13
 50   2  50   3
 52  18  53  18
 44  15  45  15
 48  18  48  19
 41   7  42   7
 33   5  34   5
 13   2  14   2
 26  15  26  16
 53  18  53  19
 44   9  45   9
 21   1  21   2
 23   8  24   8
 44  21  44  22
 36   2  36   3
 19  27  20  27
 12  25  13  25
 31   1  32   1
 30   6  31   6
 20  23  20  24
  7  13   7  14
 53  27  54  27
  7  20   7  21
 23   6  24   6
 19  22  20  22
 25   1  26   1
 39  27  40  27
 21  24  22  24
 16  18  16  19
  0   7   0   8
  4   8   5   8
 53  20  53  21
 53  21  53  22
 43   7  44   7
 44   4  44   5
 55  24  55  25
 15   4  16   4
 38  13  38  14
 14  22  15  22
 50  22  50  23
 10   8  11   8
 27   5  28   5
 41  22  41  23
 17  22  17  23
 51  18  51  19
 45  10  45  11
 10  12  10  13
 28   6  28   7
 29  23  30  23
 16  11  17  11
 21  14  21  15
 44   7  44   8
 24  16  24  17
 14   2  15   2
  2  19   3  19
 39  22  40  22
 21   0  22   0
 21   5  21   6
 17  23  17  24
 29   8  30   8
 15  22  15  23
  9   8  10   8
 43  20  44  20
 28   9  29   9
 54  15  55  15
 53  20  54  20
 35  27  36  27
 31  16  32  16
  2   4   2   5
 42  24  42  25
 24  16  25  16
 51  16  52  16
 50  27  51  27
 36  24  36  25
 19   1  19   2
 13  25  13  26
 54  25  55  25
 41  16  42  16
 45  16  45  17
  8  24   8  25
 31  15  31  16
 41   6  42   6
  4   8   4   9
 35   3  36   3
 32  14  32  15
 13  27  14  27
 50   1  50   2
 37  21  38  21
 49  17  49  18
 23  25  24  25
 19  14  20  14
  7  24   7  25
 50  23  50  24
 31  14  31  15
 26  16  26  17
 52   0  53   0
 37  13  38  13
  0   2   0   3
 22  19  22  20
 15  21  15  22
 46  14  46  15
 14  20  15  20
 54  21  54  22
 22  16  22  17
 33  12  33  13
 30  21  30  22
 31  21  32  21
 36   8  36   9
 45   2  46   2
 55   3  55   4
 37  12  37  13
 10   3  11   3
 47  14  48  14
 19   8  19   9
 44   1  45   1
 38  20  38  21
 32   1  32   2
 19  15  20  15
 39  12  40  12
 33   1  33   2
 50   4  50   5
 50   1  51   1
 20   3  21   3
 28  21  28  22
  8  17   9  17
 17  23  18  23
 51   3  52   3
 11  24  12  24
 16  14  17  14
 27  18  27  19
 14  20  14  21
 22  14  22  15
 32  15  32  16
 38  17  38  18
 37  14  37  15
 50  17  50  18
 11  22  12  22
 10  15  11  15
 25   6  26   6
 13   2  13   3
 51   0  52   0
 22  20  22  21
 10   0  11   0
 24  15  25  15
 42  13  43  13
 13  18  14  18
  7   4   8   4
 13   4  13   5
 31  25  31  26
  5  13   6  13
 48   6  49   6
 42   4  43   4
 38  14  39  14
 23   3  24   3
 50  20  51  20
 42  18  43  18
 11  20  11  21
 30   8  30   9
 16   3  16   4
 18   7  19   7
 34  24  35  24
  2  25   2  26
 53  14  54  14
 36  23  36  24
 11  12  11  13
 22   5  23   5
  9  12  10  12
 37  14  38  14
 53   1  54   1
  5   8   5   9
 19  23  20  23
 47   9  48   9
 42  19  42  20
 15   4  15   5
 33  19  33  20
 16  19  16  20
 37  25  37  26
 49  19  50  19
 51   5  51   6
 41  10  41  11
 24  22  24  23
  0   9   0  10
 48   7  49   7
 35  12  36  12
 24   2  24   3
  8   3   8   4
 13   5  13   6
 24   9  24  10
  8   4   8   5
  1   1   1   2
 52  15  53  15
 11   5  12   5
 48   9  49   9
 34   8  35   8
 20  19  20  20
 20  12  20  13
 18   0  18   1
  9  12   9  13
 46   4  47   4
 42  19  43  19
  0  24   1  24
 50  19  50  20
  2   4   3   4
 46  17  47  17
 11  13  11  14
 22  22  22  23
  2   8   3   8
 37  11  38  11
 35  26  36  26
 41  12  42  12
 21  20  22  20
  6  26   7  26
 21  11  22  11
 36  18  36  19
 10   1  10   2
 46   2  46   3
  4  10   4  11
 30  12  30  13
 52  11  53  11
 16  15  17  15
  6  17   7  17
 24  18  24  19
 18  18  19  18
 29  15  29  16
 48   2  49   2
 52  23  53  23
  6  16   6  17
  0   8   0   9
 55   2  55   3
 11  23  11  24
 23  13  23  14
 20  12  21  12
 27   1  28   1
 45  25  46  25
  8  26   9  26
 12   1  13   1
 50  22  51  22
 17  15  17  16
 51  20  51  21
 53  22  53  23
 13  11  14  11
 23  17  23  18
 23  13  24  13
 22  15  22  16
 45   4  46   4
 13  21  14  21
 38  13  39  13
 29   7  29   8
 40   4  41   4
 14   0  14   1
 48  21  49  21
  4   1   4   2
 51  10  52  10
 31   6  31   7
 11   7  11   8
 20   7  20   8
 14  13  15  13
 35   9  35  10
 54  26  54  27
 50   8  50   9
 42  23  43  23
 23  25  23  26
 34   2  34   3
  6   9   6  10
 51  15  52  15
 13   9  13  10
  9   9   9  10
 18  25  18  26
 25  24  26  24
 30  23  30  24
  1   3   2   3
  2  25   3  25
  8  22   8  23
 51  22  51  23
 39  26  39  27
 45  11  46  11
 33  17  34  17
 12  24  13  24
 40  12  40  13
 11  26  11  27
 40  19  40  20
 40  14  40  15
 29   3  29   4
 39   1  39   2
 38  22  39  22
  3  23   3  24
 52  21  53  21
 15  23  15  24
 31   7  31   8
 12  13  12  14
  1  16   1  17
 25  18  25  19
 42   9  43   9
 30  23  31  23
  0  16   1  16
 50  23  51  23
  8  16   8  17
 27   4  27   5
 53   2  53   3
  9  21   9  22
 51  26  52  26
 14  23  14  24
 45  22  46  22
 37   8  37   9
 32  10  32  11
 33   3  33   4
 19  11  19  12
 47  25  48  25
  5  23   5  24
 22   2  23   2
 12   0  12   1
 49   6  49   7
 23  17  24  17
 33  27  34  27
 53  14  53  15
 54  24  54  25
 51   6  52   6
 17  24  18  24
 12  18  12  19
 11  19  11  20
 19  19  20  19
 11   5  11   6
  6  11   7  11
  7  22   7  23
 29  17  29  18
  6   5   7   5
 30  14  31  14
 33   0  33   1
 16   0  16   1
 27  24  28  24
  1  19   2  19
 22  11  22  12
 42  22  43  22
  7   5   7   6
 41   1  41   2
 37  18  37  19
  3  19   4  19
 46  15  47  15
 26  19  27  19
 49  22  49  23
  4  14   4  15
 18   8  18   9
  8  20   9  20
  3   9   3  10
 53   6  54   6
 44  15  44  16
  8  25   8  26
  1  11   2  11
 43  21  43  22
  8   0   8   1
  5  12   6  12
 35   9  36   9
 38  26  39  26
 10   6  10   7
 20  20  21  20
 19   5  19   6
  2  11   2  12
 47  20  47  21
 32   5  32   6
 45  24  45  25
 24  10  24  11
 46   8  46   9
 20  11  20  12
 24  13  25  13
 21  27  22  27
 30   5  30   6
  7  15   8  15
 35  21  36  21
 20   4  20   5
 36  10  36  11
  0  19   0  20
  3  16   3  17
 39  24  39  25
 39   5  40   5
  0   2   1   2
  3  25   3  26
 23   9  23  10
 23   0  24   0
 26  25  27  25
 46  21  46  22
 19  20  19  21
 30   5  31   5
 34   0  34   1
 48  12  49  12
  8   6   8   7
 32   8  32   9
 43   4  43   5
 38  19  38  20
 22  23  22  24
  2  22   2  23
  3  11   3  12
 31  10  31  11
 27  23  28  23
 25   8  26   8
 30  16  30  17
  5   5   6   5
 10  21  10  22
  8  13   8  14
 38   8  39   8
  3  21   3  22
 24  12  25  12
 31  27  32  27
 27  12  27  13
 39   4  39   5
 46   7  46   8
  7   3   8   3
  1  17   1  18
 19  17  20  17
  7  26   8  26
  8   5   8   6
 27  11  27  12
 48  26  49  26
 53  10  53  11
 43  11  44  11
 24  14  25  14
  6  14   7  14
 41  15  42  15
  8  15   9  15
 38   3  39   3
 10  10  11  10
 40  26  41  26
 18   7  18   8
 25  26  25  27
 12  10  13  10
 55  10  55  11
 37   7  37   8
 14  10  15  10
 43  16  43  17
 36  22  36  23
 22  26  23  26
 32   2  33   2
 12   2  12   3
 23  21  24  21
 12  14  13  14
 50   6  50   7
 26  17  26  18
 34   3  34   4
 26  23  27  23
 46  11  47  11
 34   7  34   8
 10   5  11   5
  2  21   2  22
 13  13  13  14
 50  21  51  21
 17  26  18  26
 12  21  13  21
  0   4   0   5
 17  16  18  16
 32   1  33   1
 31  23  32  23
 48  19  48  20
  1   7   2   7
 17   3  18   3
 23  19  24  19
  7   8   8   8
 22  11  23  11
 19   9  19  10
 39  19  40  19
 27  21  28  21
 47   6  47   7
 15  21  16  21
 47   8  48   8
  6  22   7  22
 53  16  53  17
 13  10  13  11
  5  15   6  15
 35  11  35  12
 37   6  37   7
 12  26  12  27
 47  21  48  21
  9   8   9   9
 10  14  10  15
 29   9  29  10
 42  21  42  22
 19  26  19  27
 48  27  49  27
 16   5  17   5
 43  10  44  10
 55  12  55  13
 36  27  37  27
 22  24  22  25
 45   9  45  10
 36   1  36   2
 45  27  46  27
 35   4  35   5
  7  19   7  20
 34   2  35   2
 41  19  41  20
 40   6  41   6
 54  12  54  13
 35  17  36  17
 40  16  40  17
 18  23  19  23
 36  24  37  24
 25   9  26   9
 10  26  10  27
  5  23   6  23
  4  21   5  21
 11  20  12  20
 27  11  28  11
 48   3  49   3
 32  15  33  15
 42   1  43   1
 40  17  41  17
 12   3  12   4
 46   9  47   9
 23  11  23  12
 10  20  10  21
 28   2  28   3
 45  17  46  17
 24   1  24   2
  6   4   7   4
 17  11  18  11
  2   2   3   2
 27  10  28  10
 11   6  12   6
 18   5  18   6
 45  26  46  26
 31  22  31  23
 49  10  49  11
 31   6  32   6
 12  19  12  20
 18   2  19   2
 12  16  12  17
  3   8   3   9
 20  13  21  13
 37   0  37   1
 33  11  33  12
  4   7   4   8
 29   1  30   1
 35  14  35  15
  8  11   8  12
 33  20  33  21
  1  15   2  15
  4   9   4  10
 11   0  11   1
 52   8  53   8
 54  13  54  14
 10  19  11  19
 45   9  46   9
 42  11  43  11
 47   2  47   3
 23  14  24  14
  4   4   5   4
  5   1   6   1
  7  15   7  16
 52  20  52  21
 43  25  43  26
 17  24  17  25
 29   6  29   7
  7  24   8  24
 14   7  15   7
 12  25  12  26
 23  23  23  24
 45  11  45  12
 20   0  20   1
 16  12  17  12
 53   1  53   2
 15   8  16   8
 20   2  20   3
  1  18   1  19
 21   2  21   3
 37  19  38  19
 53  15  54  15
 18   1  18   2
 14   8  15   8
 54  14  55  14
 18  13  18  14
 15   8  15   9
 17  13  18  13
 35   1  35   2
 25  25  26  25
 17   8  18   8
 20   1  20   2
  5   7   5   8
 35  19  36  19
 44  23  45  23
 22   0  23   0
 13  19  14  19
 32  17  32  18
 30  26  30  27
 34  25  34  26
 25   1  25   2
 29  10  30  10
  3  14   3  15
 29  19  29  20
  2  16   2  17
 40  24  40  25
 31  26  31  27
 44  26  45  26
  6  12   6  13
 34  15  34  16
 23   7  24   7
 20   9  20  10
 49  25  50  25
  1   9   2   9
 45   0  45   1
 24  26  24  27
 15  14  16  14
 25  14  25  15
 39  17  39  18
 44  18  44  19
  6  17   6  18
 35   0  36   0
  7   1   7   2
 53   9  53  10
 18  14  19  14
  8  16   9  16
 20   1  21   1
 29  18  29  19
 35  22  35  23
  0   5   0   6
 14  25  14  26
 41   0  42   0
 30   2  30   3
 49  18  49  19
 53   6  53   7
 43  24  44  24
 39   7  39   8
 18  17  18  18
 18  16  18  17
 22  21  23  21
 32   9  33   9
 36   0  37   0
 28   3  29   3
 48  10  49  10
  9  20   9  21
 41  18  41  19
 29   7  30   7
  4   7   5   7
 34   0  35   0
 28  10  28  11
  0  21   1  21
 30  18  31  18
 25  10  25  11
 52   8  52   9
  2  10   2  11
 37  13  37  14
 20  16  20  17
 54  21  55  21
