MAZE 16 32
 13  17  13  18
  0  15   0  16
  8  16   8  17
 12   9  12  10
  7  15   7  16
 10  16  10  17
 12  20  12  21
 13  25  13  26
  6  24   6  25
 12  16  12  17
  0  24   1  24
  7  15   8  15
 11   9  11  10
 12   5  13   5
  2   5   2   6
  7  17   7  18
 11   3  11   4
  5  15   5  16
  7   4   8   4
  5  19   5  20
  6   4   6   5
  9  19  10  19
  5  29   6  29
  5  24   5  25
  2  24   2  25
  6   2   7   2
  9   2   9   3
  3  18   4  18
  4  27   4  28
 10  24  10  25
  7   4   7   5
  3  25   4  25
 10   5  10   6
  5  16   6  16
  8  27   8  28
 10  21  11  21
  1  25   2  25
 10  22  11  22
  7  26   8  26
  6  19   7  19
 10   2  11   2
 14  15  15  15
  3  15   3  16
 13  30  14  30
 11   7  11   8
  0   1   1   1
 10   7  10   8
 11  15  12  15
 11  17  12  17
  9  22   9  23
  8   9   8  10
  3  17   4  17
  3   2   3   3
  8  19   9  19
  8  15   9  15
  8   3   9   3
 10  29  11  29
  6   8   7   8
  7  12   8  12
 11  19  11  20
  8   7   8   8
 14  27  15  27
  8   8   8   9
  4  29   4  30
  8   7   9   7
 12   4  13   4
  7   2   7   3
  0   6   1   6
  7  28   7  29
  8  25   8  26
 14   8  15   8
 10  14  11  14
  2   5   3   5
  3  17   3  18
 11  29  11  30
  6  20   7  20
  6  28   7  28
  5  17   6  17
  2  14   2  15
  8  14   9  14
  9  23  10  23
  8  26   9  26
 12  27  13  27
  7  10   8  10
  6  29   6  30
  7   7   8   7
  5  30   5  31
 12  14  13  14
 11  12  12  12
  9  26  10  26
  9  10  10  10
 12  11  12  12
 14  19  15  19
  8  31   9  31
 11   6  12   6
  9   7   9   8
 14   9  14  10
  5   2   5   3
 10  12  11  12
  2  10   2  11
  5  13   6  13
  1  10   1  11
 14  28  15  28
 12  18  12  19
  3   5   4   5
  9   2  10   2
 11  10  11  11
 11  30  12  30
 10  11  10  12
  8  10   9  10
  8  14   8  15
 13  26  13  27
  5   7   5   8
  9  20   9  21
 15   6  15   7
 11  15  11  16
  9   4  10   4
 10  25  10  26
  1  14   1  15
 12  11  13  11
  3  27   3  28
 13  10  14  10
  8  17   8  18
  8  12   9  12
 11   4  11   5
  2  13   3  13
  3  12   4  12
  4   2   5   2
 13   2  13   3
 10  15  11  15
 11  24  11  25
  9  19   9  20
  0  19   0  20
  1  16   2  16
 10  26  11  26
  9  17   9  18
 10   2  10   3
 14   7  14   8
  0   8   0   9
  0  18   0  19
 11  28  11  29
  7  14   8  14
  0  16   0  17
  9  14  10  14
  3  25   3  26
  0   7   0   8
  5   9   6   9
 15  24  15  25
  8  20   9  20
  6   6   7   6
  5   4   6   4
  1  20   2  20
  5  23   6  23
  1   4   2   4
  3   3   3   4
 14  21  14  22
 13  27  13  28
  3   9   4   9
 15  10  15  11
  4  18   5  18
  9  12  10  12
  2  28   3  28
  7  10   7  11
 14  12  14  13
 11  28  12  28
  4  31   5  31
  3  24   4  24
 13  22  13  23
  2  17   2  18
 12  29  13  29
 13  24  13  25
  4   6   4   7
  1  17   1  18
  5  28   5  29
  3  14   3  15
  2   1   2   2
  0  30   1  30
  5   7   6   7
 11  16  11  17
 10  27  10  28
  5   4   5   5
  4  22   4  23
  2   2   2   3
 15  23  15  24
 13  21  14  21
 12  30  13  30
 11  19  12  19
  2  24   3  24
  2  27   2  28
  8   4   8   5
 14   9  15   9
  2  22   3  22
  3  20   3  21
  9   9  10   9
  5  11   5  12
 12  26  12  27
 10   0  11   0
  2   7   3   7
  6  14   6  15
  1  20   1  21
  2  20   3  20
 11   2  12   2
  2  16   2  17
  5  14   5  15
  0  10   0  11
  8  18   9  18
 10  19  11  19
  3  30   3  31
  1  12   1  13
  4  14   5  14
  1  23   2  23
 12  26  13  26
 13  15  13  16
  9  15  10  15
  1  21   2  21
 14   4  14   5
  2  17   3  17
 10  20  11  20
  9  27   9  28
 14  14  14  15
  0   3   0   4
  6  25   6  26
  2   1   3   1
  3  23   3  24
  3   1   3   2
  8  21   9  21
  8   8   9   8
  9   6   9   7
  6   7   6   8
 13   2  14   2
 10   6  11   6
 14  13  14  14
  7  22   8  22
  4  11   5  11
  3   5   3   6
  2  26   2  27
  9   5  10   5
 11  11  11  12
  5   1   5   2
 13   5  13   6
  9  31  10  31
  1  21   1  22
  3  26   3  27
  5  16   5  17
 14   2  15   2
 12  22  13  22
 15  14  15  15
  4  11   4  12
  1  18   2  18
  6  21   6  22
  0  23   1  23
  7  29   7  30
  2  10   3  10
  7   2   8   2
 14  16  14  17
  6   4   7   4
  5  21   5  22
  6  10   7  10
  8  17   9  17
  4   7   4   8
 13   1  14   1
  2   3   2   4
  3  13   4  13
  9  21   9  22
 10   3  10   4
  1  28   2  28
 12   8  12   9
 14  30  14  31
  6  12   6  13
  9   0   9   1
 14  19  14  20
 13  21  13  22
  3  29   4  29
 13  13  14  13
 12   6  12   7
  4   1   4   2
 14   5  15   5
  8  16   9  16
 10  13  10  14
 12  15  12  16
  3  11   4  11
  7  25   7  26
  7  31   8  31
 13  16  14  16
  0   4   0   5
  4   3   4   4
 11   7  12   7
  5  13   5  14
  7  30   7  31
  2  31   3  31
  1   1   2   1
  6  22   7  22
  7  29   8  29
  6   1   6   2
 10  10  11  10
 14  23  14  24
  2  21   2  22
 12  19  13  19
 15  25  15  26
  7  25   8  25
  3  10   3  11
  4  26   4  27
 15  19  15  20
 12   4  12   5
  7   7   7   8
  1  27   1  28
  4  24   5  24
  0  18   1  18
  3  15   4  15
  2   6   3   6
 11  23  11  24
 13  12  13  13
 11  13  12  13
  5   0   6   0
 12   8  13   8
  5   0   5   1
  1  26   1  27
  8  21   8  22
 10  24  11  24
 13   7  14   7
  1   8   1   9
  0  26   0  27
  3  21   3  22
  4  24   4  25
  1   7   2   7
 11  25  12  25
  0   5   0   6
  8  28   8  29
 13  17  14  17
  0  13   1  13
 12   1  13   1
 13  14  14  14
 11  16  12  16
  9  29   9  30
  7  13   8  13
  2  19   3  19
  7   5   7   6
  3   3   4   3
 15  11  15  12
 14  23  15  23
  9   0  10   0
  9  28   9  29
  8  29   9  29
  7  20   7  21
  9   6  10   6
 12  24  13  24
 10  19  10  20
  0  29   1  29
  4  16   4  17
  3   8   3   9
  4  21   5  21
  2  11   2  12
  2  23   3  23
  9   5   9   6
  7  11   7  12
  7   0   7   1
 13  18  13  19
  2   8   3   8
  5   8   5   9
  7  21   8  21
  0   9   1   9
  5  18   5  19
  4   8   4   9
  1  30   2  30
  6  26   7  26
  7  22   7  23
  6  12   7  12
  3   7   3   8
  4   1   5   1
  5  18   6  18
  2  12   3  12
 10   8  10   9
  3   2   4   2
  8  18   8  19
  6   5   6   6
  1  29   2  29
  8  23   8  24
 11  25  11  26
 13   3  13   4
  3  29   3  30
  5  20   6  20
 11  31  12  31
 15  29  15  30
 13   8  13   9
  6  27   6  28
  1  23   1  24
 13  24  14  24
 11  20  12  20
  1  11   1  12
 13   6  13   7
  3  16   4  16
 14   6  15   6
  9   3  10   3
  3  20   4  20
 14   0  14   1
 10   4  11   4
 12   0  13   0
  1   1   1   2
 11  22  11  23
  4  12   4  13
 10  31  11  31
  0  27   0  28
 13  12  14  12
  5  26   5  27
  3  23   4  23
  0  30   0  31
 13  15  14  15
 13   8  14   8
  6  10   6  11
 13  19  13  20
 14  17  15  17
  9  24   9  25
 14   3  15   3
  6   1   7   1
  0  11   0  12
 15  28  15  29
  2  18   3  18
  0  12   0  13
  0  21   0  22
 12  30  12  31
  9   9   9  10
  3   6   4   6
 12   0  12   1
  1   2   1   3
 12  10  12  11
  7   9   8   9
  6  14   7  14
 12   2  12   3
 13  23  14  23
  9  12   9  13
 10  22  10  23
  4  26   5  26
 10  10  10  11
  4  10   5  10
 13  28  14  28
 10  17  11  17
  3   0   4   0
 14   1  15   1
 15  20  15  21
 12  28  13  28
  6  17   7  17
  6  26   6  27
  0  22   0  23
 15   2  15   3
  2  29   2  30
  8   1   9   1
  2   7   2   8
  9  30  10  30
  7  24   8  24
  6  24   7  24
  5  23   5  24
  1  13   2  13
 11  21  12  21
  4   5   5   5
  2   8   2   9
 10  27  11  27
 13  30  13  31
  9  25   9  26
  5   6   6   6
  7  20   8  20
  1   9   2   9
  5  20   5  21
  5   5   5   6
 12  13  12  14
  0  26   1  26
