MAZE 24 12
  4   1   5   1
 20  10  21  10
 20   4  21   4
 17   6  17   7
 20   2  21   2
 21  11  22  11
 19   4  19   5
  2   1   2   2
  3   4   3   5
  0   8   1   8
 18   8  19   8
  9   4   9   5
 10   8  11   8
 10   7  11   7
  5   2   5   3
 15   4  15   5
 14   2  15   2
 19   2  20   2
 22   4  22   5
 17   3  17   4
  7   5   8   5
  5   5   6   5
 21   9  21  10
 10   5  10   6
  0   8   0   9
  1   4   1   5
 14   5  14   6
 19   6  19   7
 15   5  16   5
  2   2   2   3
 13   9  13  10
 18   3  19   3
 22   0  23   0
 17   9  18   9
 10   8  10   9
  3   7   3   8
 17   5  17   6
 18   4  19   4
  9   2  10   2
 19   1  19   2
 22   1  23   1
 15   3  16   3
 18   5  18   6
 17  10  17  11
  8   3   9   3
 18   3  18   4
  4   3   4   4
 10  11  11  11
 22   3  23   3
  8   5   8   6
  3   3   4   3
 20   9  20  10
 16   5  17   5
 10   3  10   4
  5   6   6   6
 22   5  23   5
  5   5   5   6
 18   9  19   9
 20   5  21   5
  8   9   8  10
  6   0   6   1
 16   4  17   4
 14  11  15  11
  1   1   2   1
 22   7  22   8
 11   2  11   3
  7   5   7   6
 18   1  19   1
  6   8   6   9
  3   6   4   6
 13   2  13   3
  2   5   2   6
 19   1  20   1
 23   9  23  10
 10   7  10   8
 19   3  20   3
  9   1   9   2
 14   6  14   7
  8   1   9   1
  1   2   1   3
 11   0  11   1
  8   8   9   8
 16   3  16   4
  1   8   1   9
  6   9   6  10
  9   5   9   6
 12   6  12   7
  7   8   8   8
 14   9  15   9
 10   9  10  10
  1  10   1  11
 16   2  16   3
 15   6  15   7
 12   0  12   1
 18   9  18  10
  5   3   5   4
 13   1  13   2
  5   8   5   9
 11   4  11   5
 12  11  13  11
  5   2   6   2
 17   9  17  10
  6  10   6  11
  4   6   4   7
 22  10  23  10
 15   0  16   0
 22   5  22   6
  2   8   3   8
 14   3  14   4
  3   1   3   2
  1   5   1   6
  7   6   8   6
 11   8  11   9
 21   1  21   2
  3   2   4   2
  8   2   8   3
  4   7   5   7
  1   7   1   8
  6   2   6   3
  7   2   8   2
 13   4  13   5
  9   5  10   5
 17   3  18   3
 19   7  20   7
 12   8  13   8
  0  10   1  10
 10   1  11   1
  4   8   4   9
 15  10  16  10
 11   7  11   8
 16  10  16  11
  8   1   8   2
  5   8   6   8
  9   4  10   4
  0   3   1   3
 21   1  22   1
 14  10  15  10
 12   9  12  10
  5  10   6  10
  3   9   4   9
 17   0  17   1
  8   0   8   1
 13  10  14  10
 11   3  11   4
 21   3  22   3
  2   0   3   0
 14   7  14   8
  3   3   3   4
  7   3   7   4
 22   8  23   8
 12   7  12   8
 12   1  12   2
  7   4   8   4
  9  10   9  11
 20   8  20   9
 15   1  16   1
 22   7  23   7
 12   5  12   6
 17   5  18   5
 20   0  21   0
  7   7   7   8
 16  11  17  11
 15   8  15   9
  6   4   7   4
 17   1  18   1
  6   9   7   9
  2   3   2   4
  7   0   7   1
 16   1  16   2
 13  11  14  11
  0   2   0   3
 21   2  22   2
  5  10   5  11
  9   0   9   1
  3  11   4  11
 19   9  20   9
 11   1  11   2
 13   0  14   0
 21   8  22   8
  9   7   9   8
 13   3  13   4
  7   2   7   3
 15   2  15   3
 19   5  19   6
  8  10   8  11
  0   9   0  10
  0   1   0   2
  5   7   6   7
 17   0  18   0
 12   7  13   7
  2  11   3  11
 10   0  10   1
 20   6  20   7
  4   0   4   1
 13   6  14   6
  7   7   8   7
 21   6  21   7
  4   4   5   4
  4  10   4  11
  2   5   3   5
 21   8  21   9
 12  10  12  11
 17   7  17   8
  4   8   5   8
  2   6   3   6
 18   7  18   8
 23   7  23   8
 16   9  16  10
 19  11  20  11
  1  10   2  10
  6   6   7   6
  3   9   3  10
  7   9   8   9
 10   6  10   7
 17   8  17   9
 12   3  13   3
 13   5  13   6
 15   2  16   2
 16   7  17   7
  0   6   1   6
 14   4  14   5
  6   1   7   1
  3   0   3   1
 13   9  14   9
 22   6  23   6
 21   0  22   0
  8   6   8   7
 15   7  16   7
  3   7   4   7
 10   5  11   5
 13   6  13   7
  1   0   1   1
  4  10   5  10
  8   7   9   7
 23   2  23   3
  2   6   2   7
  2   4   2   5
 11   3  12   3
 13   5  14   5
  7  11   8  11
  9   9  10   9
 18  11  19  11
 12   4  13   4
  5   3   6   3
  0   5   0   6
 14   0  15   0
 13   7  13   8
 22   6  22   7
 13   1  14   1
 20   8  21   8
 20   0  20   1
 13   8  13   9
 20   6  21   6
