MAZE 88 44
 74   5  74   6
 18  16  18  17
 25  26  25  27
 23  10  23  11
 23  42  23  43
 52  19  52  20
 50  20  50  21
 38  36  39  36
 52  36  52  37
 47  14  48  14
 52   5  52   6
 38   6  38   7
 48   0  48   1
 82  28  83  28
 86   5  87   5
 45  26  46  26
 66  13  67  13
 48  28  48  29
 28  10  29  10
  2  10   3  10
  2  41   3  41
  5  19   6  19
 47   2  47   3
 20  10  20  11
 20  41  20  42
 56  12  56  13
 54  10  55  10
 59  38  59  39
 83  38  83  39
  6  33   6  34
 28   9  28  10
 79  38  79  39
 10   5  10   6
 84   2  85   2
 49  37  50  37
 81  27  82  27
 58  29  59  29
 36  31  37  31
 32  13  32  14
 39  17  40  17
 86  20  86  21
 23   8  23   9
 22  29  22  30
 13  11  14  11
 68  25  68  26
 55   8  56   8
 38  26  38  27
 20  25  20  26
 57  12  57  13
 31  40  32  40
 11  21  11  22
 65   0  65   1
 77  16  77  17
 31  37  31  38
 58  28  58  29
 54  30  55  30
 85   3  85   4
 47  13  48  13
 46  37  46  38
 24  32  25  32
 25  31  26  31
 26  31  26  32
 83  43  84  43
 86   7  86   8
 48  34  49  34
 45  22  46  22
 59  28  60  28
 13  39  14  39
 12  21  13  21
 62  16  63  16
 10  12  11  12
 56   9  56  10
 11  31  12  31
 52  42  52  43
 63  33  63  34
 83  37  83  38
 41  24  42  24
 35  18  36  18
 23  34  24  34
 78   5  78   6
 49  17  49  18
 44  25  45  25
 68   8  69   8
 16  35  16  36
 80   8  80   9
 13   8  13   9
 45  25  45  26
 63  38  63  39
 11  22  12  22
  0  35   1  35
 15  32  15  33
 27  29  27  30
 78  19  79  19
 21  31  21  32
 51  13  51  14
 41  13  42  13
  2  38   2  39
 65  42  66  42
 85   2  85   3
 33  25  33  26
 11  11  12  11
 45  13  46  13
 45   5  46   5
 24  17  25  17
 31  39  32  39
 23  39  24  39
 78   8  79   8
 86  19  86  20
 80  32  81  32
 46  23  47  23
 55  39  56  39
 69  29  69  30
 59  34  60  34
 42  16  42  17
 20  20  21  20
 62   3  62   4
 70  32  70  33
 50  13  50  14
 52  18  52  19
 36   2  36   3
 54  37  55  37
 12  38  12  39
 84   8  84   9
 11  17  12  17
 24  39  25  39
  1  19   1  20
 50   7  51   7
 47   8  47   9
 20  28  20  29
 35  21  36  21
 53  31  53  32
 48  35  48  36
 17  41  17  42
 19   0  19   1
 30  39  31  39
 51  42  52  42
 19  41  20  41
 35  11  36  11
 44  12  44  13
  1  24   1  25
 24  21  25  21
 10  22  10  23
 67  21  68  21
 32  17  32  18
 75  40  75  41
 43  35  43  36
 11  38  11  39
 81   8  82   8
  3  12   4  12
 22  43  23  43
  9  30  10  30
 32  11  33  11
 53  17  54  17
 31  36  31  37
 51  32  52  32
 16  38  16  39
 45  31  45  32
 78  27  79  27
 33  42  34  42
 20  36  21  36
 26  34  26  35
 51  38  52  38
 20   5  20   6
 20  19  20  20
 11  30  12  30
 52   1  53   1
 31  26  32  26
  0   1   0   2
 41  33  41  34
  2  21   3  21
 52   8  53   8
 23  38  23  39
 19  24  20  24
 46  39  47  39
 45  21  45  22
 26  29  27  29
 67  35  67  36
 42  30  42  31
 12   8  12   9
 39  21  39  22
 52  33  52  34
 46  31  47  31
 58  27  58  28
 68   2  68   3
 19  41  19  42
 10  18  10  19
  1  13   1  14
 32   2  32   3
 82  40  83  40
 66   2  66   3
 13  32  14  32
 58  14  59  14
 28  41  28  42
 49  40  50  40
 47   0  47   1
 10  36  10  37
 86  11  87  11
 18  19  19  19
 13   5  14   5
  2  40   3  40
  9  36  10  36
 81  37  81  38
 59   1  60   1
 15  33  15  34
 12   5  13   5
 80  25  81  25
 12  31  13  31
 28  14  29  14
 50  43  51  43
 13  23  14  23
 77  33  77  34
  7  11   7  12
 84  23  85  23
 11  30  11  31
 73  12  73  13
 29  12  29  13
 21  42  21  43
 20  30  21  30
 40  33  40  34
 21  29  22  29
 78  40  79  40
  0  15   1  15
 84  42  85  42
 47  38  48  38
 24  38  24  39
 24  11  25  11
 79   3  80   3
 73  41  73  42
 63  11  63  12
 13  33  13  34
 17  40  17  41
 18  41  19  41
 11  42  11  43
 53   7  54   7
 48  37  49  37
 17  28  18  28
 37  43  38  43
 25  38  25  39
 28   5  29   5
 61  39  62  39
 22   3  22   4
 44  31  45  31
 84  30  84  31
 65  27  65  28
 55  15  55  16
 79  32  80  32
 49  14  49  15
  9  38  10  38
 78  28  78  29
 38  24  39  24
 25  17  26  17
 25   1  25   2
 47  36  48  36
 20   0  21   0
 41  36  41  37
 68   0  68   1
  5  36   6  36
 75  17  75  18
 36  34  36  35
 17  30  17  31
 81  36  82  36
 37  19  37  20
 30   3  31   3
 38  36  38  37
  1  35   2  35
 49  12  49  13
 22  28  22  29
 19  17  19  18
 51  41  51  42
 49  20  50  20
 64  18  65  18
 29   3  29   4
 23  13  23  14
  6  23   6  24
 76  27  77  27
  3  32   3  33
 55   5  55   6
  3  37   4  37
 80   8  81   8
  3  11   3  12
 80  36  80  37
 67   2  68   2
 85  21  85  22
 45  19  45  20
 66  22  67  22
  4  11   5  11
 11  28  11  29
 77  35  78  35
 61   2  61   3
  2   7   2   8
 77  25  77  26
 47   2  48   2
 10  19  11  19
  9  39  10  39
 58   1  59   1
 53  20  54  20
 11   6  12   6
 27  39  27  40
 10  17  11  17
 50  38  50  39
 30  17  31  17
 23  41  23  42
 21  11  22  11
  0  39   1  39
 14   4  14   5
  3  34   3  35
 78  23  79  23
  5  11   5  12
  1   8   2   8
 26  40  27  40
 34  10  35  10
 42  22  43  22
 15  16  16  16
 69  22  70  22
 18  28  19  28
 68  25  69  25
 39   9  39  10
 82  24  83  24
 36  29  37  29
 54  14  54  15
 62  35  63  35
 16  17  16  18
 18   7  19   7
 71  40  71  41
 63  43  64  43
 74  31  75  31
 28  41  29  41
 29  24  30  24
 26  25  27  25
 16  19  16  20
  2   9   3   9
 35   1  35   2
 13  16  14  16
 15  30  15  31
 69   2  70   2
 61  17  61  18
 19   5  19   6
 77  21  78  21
  9  42  10  42
 10  18  11  18
 43  13  43  14
  5   9   5  10
  8  28   8  29
 15  10  16  10
 16  26  16  27
 78   4  79   4
 30  33  31  33
 85   4  85   5
 80   9  81   9
 24  34  25  34
 21   4  22   4
 70  24  70  25
  3  35   4  35
  9  26   9  27
 29  16  30  16
  6  21   6  22
 57  10  58  10
 71  35  72  35
 65  25  66  25
 44   7  44   8
 27  25  28  25
 25  39  26  39
 56  17  56  18
 68  11  69  11
 75  23  76  23
 18  26  18  27
 82   5  83   5
  2  28   2  29
 47  27  48  27
 83  10  83  11
 19  18  19  19
  3  18   3  19
 21  23  22  23
 21  32  21  33
 61  18  61  19
 51  30  52  30
 41  15  41  16
 80  19  81  19
 83  10  84  10
 60  23  60  24
 31   3  32   3
 60  19  60  20
 71  25  71  26
  0  41   0  42
 73  22  74  22
 74  38  74  39
 54  25  54  26
 13   7  14   7
  8  19   8  20
 62  20  62  21
 49  38  49  39
 40   6  41   6
 80  42  80  43
 83  31  84  31
 27  30  27  31
 41  38  42  38
  4   7   5   7
 11  11  11  12
 21   7  21   8
 84   7  85   7
  9  22   9  23
 16  37  17  37
 72   7  72   8
 81   3  82   3
 62  19  62  20
  1  42   2  42
 19  35  20  35
 66  28  66  29
 68   9  69   9
 60  42  60  43
 81  40  82  40
 59   8  60   8
 57   7  58   7
 74  34  75  34
 58  26  58  27
 49  25  49  26
 20  12  20  13
 30  15  31  15
  8  25   8  26
 84  30  85  30
  8  31   9  31
 74   8  74   9
 19  36  19  37
 47  25  47  26
 16  29  17  29
  1  14   2  14
 62   1  62   2
 49   2  50   2
 18  32  18  33
 55  43  56  43
 26   8  26   9
 81   6  81   7
 44  23  44  24
 36  31  36  32
 76  35  77  35
 19  31  20  31
 49  18  49  19
 57  12  58  12
 53   5  54   5
 48  37  48  38
 70  32  71  32
 42  21  42  22
 37  32  38  32
  7  37   7  38
 31  14  32  14
  4   9   4  10
 49   8  50   8
 31  16  31  17
 30  18  31  18
 59  12  60  12
 66  11  67  11
 80  19  80  20
 63  14  63  15
 28  10  28  11
 50   2  51   2
 36  36  36  37
 51  12  51  13
 20  13  21  13
 20   9  21   9
 65  41  65  42
 60  41  60  42
 51  18  52  18
 36  21  36  22
 76  38  76  39
  3  18   4  18
 27  25  27  26
  5  20   6  20
  0  20   0  21
 34   5  35   5
 68  32  68  33
 55  36  56  36
 27   9  27  10
  4  35   4  36
 15  32  16  32
 68  31  68  32
 20  34  21  34
 76  12  76  13
  7  14   7  15
  1  12   2  12
 62  41  63  41
 64  36  64  37
 24  29  25  29
 25  33  26  33
 46  33  46  34
 36  10  37  10
 24  26  24  27
 27   2  27   3
 43  37  43  38
 13  27  13  28
  9   0   9   1
 54  32  55  32
 71  36  72  36
 71   6  72   6
  4  36   5  36
 27  17  28  17
 19  34  20  34
 84  41  85  41
 70   1  71   1
 57  30  57  31
  3  14   3  15
 74  28  74  29
  4  29   4  30
 31  30  32  30
  9  25   9  26
 73  14  74  14
 71   7  72   7
 78  10  78  11
 27   7  28   7
 60  22  61  22
 49   4  50   4
 38  41  39  41
  8  15   8  16
 78  41  78  42
 57  40  57  41
 77  36  78  36
 74   7  74   8
 68  24  69  24
 29  18  29  19
 49  27  49  28
  2  11   3  11
 26  15  27  15
 73   3  73   4
 75  23  75  24
 30   5  30   6
 63   5  64   5
 54   0  54   1
 61  41  62  41
 16  11  16  12
 22  12  22  13
 23  30  24  30
 30  27  30  28
 30  42  30  43
 37  37  37  38
 10  42  11  42
 51  34  52  34
 83  32  83  33
 46  25  47  25
 57   0  57   1
 85  24  86  24
 74  10  75  10
 85  35  86  35
 36   8  36   9
  3  27   3  28
 55  11  56  11
 58   1  58   2
 83  25  84  25
 18  24  19  24
 18  25  19  25
 45  32  45  33
  6  42   6  43
 63   1  63   2
 66  27  66  28
 35  31  36  31
 28  16  29  16
 30  24  30  25
 76   7  77   7
 71  42  72  42
 58  21  59  21
 80  22  81  22
 31   9  31  10
 62  28  63  28
  1  20   1  21
 50  37  51  37
 72  31  73  31
 12  20  13  20
  7  17   7  18
 38   2  39   2
 31  38  32  38
 82  43  83  43
 71  18  72  18
 17  25  18  25
 68   6  69   6
 14  11  14  12
 18  12  19  12
 29  15  29  16
 34   3  34   4
 64   4  64   5
 42   8  42   9
 72  24  72  25
 19   9  19  10
 47  41  47  42
 71  32  72  32
 35  15  36  15
 79   9  79  10
 20   3  21   3
  6  19   7  19
  6   9   6  10
  3   1   3   2
 66   1  66   2
 46  26  46  27
  8  28   9  28
 64  22  65  22
 13  31  14  31
 28  35  28  36
 40   3  41   3
  9  28  10  28
 30  36  30  37
 33  24  34  24
 74  37  74  38
 64   6  64   7
 54   9  55   9
 29  38  30  38
 51  10  51  11
 11  34  12  34
 45   2  46   2
 45   6  45   7
 48   2  48   3
 14   8  15   8
 81  31  82  31
 17  17  17  18
 18  22  18  23
  3  23   4  23
 38  13  39  13
 35   2  35   3
 20  11  20  12
 47  25  48  25
 31   1  31   2
  7   0   7   1
 23  17  24  17
 17   6  17   7
 19  15  19  16
 78  23  78  24
  6  28   6  29
 23   7  24   7
 70  11  70  12
 31  43  32  43
 15  19  15  20
 75  16  75  17
 55  31  55  32
 40  26  41  26
 38  23  38  24
 57  35  58  35
 72  19  72  20
 66   7  67   7
 17  20  18  20
 22  17  23  17
  4  32   5  32
 68  26  68  27
 68  39  68  40
 76  24  76  25
 61  20  61  21
 79  17  80  17
 66  26  67  26
 25  15  25  16
 12  41  13  41
 86  10  86  11
 53   6  53   7
 83  28  83  29
 85  31  86  31
 20  31  21  31
 75  20  75  21
 30   6  30   7
 26  42  27  42
 30   4  31   4
  8   2   9   2
 84   6  84   7
 72  33  73  33
 63  42  63  43
  4  37   5  37
 79  16  80  16
 69  39  70  39
 36  41  37  41
 87  31  87  32
 80   1  81   1
  4  18   4  19
 42   4  43   4
 54  27  55  27
 13  26  13  27
 10   6  10   7
 15   2  16   2
 66   6  67   6
 57  33  58  33
 81   0  81   1
  0  22   1  22
 47  40  47  41
  2   6   2   7
 47  30  47  31
 59  15  59  16
 11  40  12  40
 67  29  67  30
  9  17   9  18
 65  13  66  13
 86   9  86  10
 53  38  53  39
 82   7  83   7
 55   2  56   2
 29   2  29   3
 55  40  55  41
 31  38  31  39
 25  19  25  20
 52   3  52   4
 50  15  51  15
 31  35  31  36
 21   3  21   4
 16  30  17  30
 38   8  39   8
  5  14   6  14
 79  26  80  26
 75   7  75   8
 40  39  40  40
 10  32  11  32
 65  25  65  26
 79  17  79  18
 79  30  79  31
 23  21  24  21
 26  10  27  10
 18  13  18  14
 30   8  31   8
  1  11   1  12
 84  39  84  40
 59   2  60   2
 70  31  70  32
 52   4  53   4
 27  17  27  18
  5   5   5   6
  6   6   6   7
 33  30  33  31
 60  11  60  12
 40   4  41   4
 57   9  57  10
  5   2   6   2
 33  28  34  28
 33  27  33  28
  5  40   5  41
 55  12  55  13
 30   9  30  10
 43  15  44  15
 46  11  46  12
 76   3  76   4
 29  11  30  11
 59   9  59  10
 77   3  78   3
 63  19  64  19
 23   1  24   1
 18   4  19   4
 36  25  37  25
 13  18  14  18
 79  38  80  38
 10  10  10  11
 16  16  16  17
 42  20  42  21
 19  26  19  27
 38  29  39  29
 64  11  65  11
 38  15  39  15
 53  32  54  32
 31  16  32  16
 83   6  83   7
 72  40  73  40
 73  28  73  29
 49  41  50  41
 81  24  82  24
 68   7  68   8
 31  27  31  28
 69  13  70  13
  2  21   2  22
  2  18   2  19
 18  17  18  18
 49  24  50  24
 43  32  43  33
 85  38  85  39
  7  30   8  30
 52  34  52  35
 32  16  32  17
 36  26  37  26
 20  27  20  28
 40  36  40  37
 49  28  50  28
 78   7  79   7
 11   3  12   3
  8  40   9  40
 26  28  26  29
 85  29  86  29
  7   5   7   6
 34  39  35  39
 62   6  62   7
 82   1  82   2
 69  11  70  11
  0  33   1  33
 82  20  83  20
 75  34  76  34
 83  23  83  24
 61  13  61  14
 24  13  24  14
 32  18  32  19
 37  33  38  33
 45  18  45  19
 32  38  32  39
 22   0  22   1
 18  38  19  38
 74  24  74  25
 49  15  49  16
 46  18  47  18
 18  31  19  31
 43  19  44  19
 17   8  18   8
 15  27  15  28
 73  21  74  21
 53  31  54  31
 26  18  27  18
 12  13  12  14
 58  16  58  17
 51  20  51  21
 38   7  38   8
  8  32   8  33
 29   0  29   1
 20   7  20   8
 46   4  46   5
 86  12  86  13
 52  17  53  17
 84   9  84  10
 30  10  31  10
  8  14   8  15
 23  14  23  15
  7   4   8   4
 25  11  25  12
 50  12  51  12
 72  36  73  36
 21  17  21  18
 35   2  36   2
 26  11  27  11
 46  26  47  26
 82  21  82  22
 57  34  57  35
 80  15  80  16
 22  39  23  39
 65  11  65  12
 29  21  30  21
 71   4  72   4
 34  10  34  11
  7  41   7  42
 14   5  14   6
 49  22  50  22
 68   6  68   7
 44  15  44  16
 64  19  65  19
 39  26  40  26
 75  32  75  33
  0  33   0  34
 64  21  64  22
 17  31  17  32
 36  28  36  29
 43  12  43  13
 64   8  64   9
 59  35  59  36
 43  31  43  32
 72  32  72  33
 70   3  71   3
 48  16  49  16
 50  31  51  31
 55  20  56  20
 33   2  34   2
 71  20  71  21
 56  42  57  42
  4   5   4   6
 70   5  71   5
  3   0   3   1
 69   5  69   6
 21   6  22   6
  1  30   1  31
 39  35  40  35
 26  24  26  25
 11   7  12   7
 45  21  46  21
 67  40  68  40
 70  26  71  26
 59  19  60  19
 18  18  18  19
 39  16  39  17
  2  26   2  27
 48   9  48  10
 79  35  79  36
 13  16  13  17
 29   7  30   7
 38  11  39  11
 68  29  68  30
  1  16   1  17
 51  25  51  26
 76   6  76   7
 65  14  65  15
 13   2  13   3
 13  38  13  39
 16  36  16  37
 81   5  82   5
 29  19  29  20
 54  39  54  40
 84  38  85  38
 43  21  44  21
 42  11  42  12
 72  11  72  12
 15  24  15  25
 82  29  82  30
 19  10  20  10
 20  23  20  24
 48  29  48  30
 33  42  33  43
 64  33  64  34
 20  40  21  40
 29  21  29  22
 84  27  84  28
 63  32  63  33
 49  31  49  32
  1  17   1  18
 44  12  45  12
 12  19  13  19
 32  15  33  15
 28   8  29   8
 20  15  20  16
 52  16  53  16
 35  37  35  38
 14  11  15  11
  5  21   5  22
 61  35  62  35
 49  29  49  30
 82  34  82  35
 65  31  65  32
 67  40  67  41
 26  10  26  11
 44   0  44   1
 48   6  49   6
 61  25  62  25
 15  11  15  12
 48  21  49  21
 16  25  17  25
 32  33  33  33
 47   8  48   8
 18  10  18  11
 44  19  44  20
 84  16  85  16
 30  19  30  20
 18   8  19   8
  8  22   9  22
 82  33  83  33
 49   9  50   9
 20   1  21   1
 56  10  57  10
  9  14   9  15
 66   8  67   8
 70  27  70  28
  9   8   9   9
 77  28  77  29
 40   9  40  10
 62  21  63  21
 37  22  38  22
 42  19  42  20
 78  32  78  33
 15  35  16  35
 14  18  14  19
 33  34  34  34
 38  38  39  38
 61  16  61  17
 86  24  87  24
  8   5   9   5
 76  25  77  25
 11  20  11  21
 47   6  47   7
 63  23  64  23
 25  31  25  32
 54  11  54  12
 79  28  79  29
  9  32  10  32
 10   3  11   3
 56  32  57  32
 65  10  65  11
 65   1  66   1
 12  26  13  26
 72   2  73   2
 86  18  86  19
 56  21  56  22
 58  15  58  16
 49  32  49  33
 51  24  52  24
  3  29   4  29
 56   7  57   7
 15  41  16  41
 33   1  33   2
 83  36  84  36
 54  36  54  37
 26  22  26  23
 12  40  13  40
 63  41  63  42
 39   2  39   3
 73   2  74   2
 83   3  83   4
 46  14  46  15
 35   4  35   5
 71  37  72  37
 21  38  21  39
 30  14  31  14
  2   6   3   6
 14   8  14   9
 60  35  60  36
 83   5  84   5
 40  14  41  14
 15   3  15   4
 11  25  11  26
 76  43  77  43
 75   9  75  10
 51  12  52  12
 33   4  34   4
 12  35  13  35
 65   6  65   7
 23  32  24  32
 70   7  70   8
 84  35  84  36
 79  28  80  28
 11   1  11   2
 41  14  41  15
 15  20  16  20
 39   3  40   3
 15   6  16   6
 34  21  35  21
 68  40  69  40
 40  31  40  32
 16  22  16  23
 18   7  18   8
 78  43  79  43
 69  40  69  41
 38   4  39   4
 58  40  58  41
 40  35  41  35
 35  42  36  42
 66  32  67  32
 60   1  61   1
 58  20  58  21
 17  27  18  27
 30  16  30  17
 59  41  60  41
 75  43  76  43
 43  14  43  15
  3   5   4   5
 25  13  25  14
  8  13   9  13
 19  18  20  18
 69   8  69   9
 85  42  85  43
  8   1   9   1
 15  40  16  40
 81   7  81   8
 16  39  17  39
 36  23  36  24
 48   4  48   5
 43  28  44  28
 68  39  69  39
 53  42  54  42
 82   9  83   9
 47  18  48  18
 38  28  39  28
 20  32  20  33
 56  31  56  32
  3  38   3  39
 17   5  18   5
 67  14  68  14
 14  32  14  33
 44  20  44  21
 53  33  53  34
 38  11  38  12
 15   4  16   4
 45  16  46  16
 42   5  42   6
  1  10   2  10
 56  18  56  19
 56  36  56  37
 13  37  13  38
 53  28  54  28
 57  38  57  39
 18  32  19  32
 73  32  74  32
 28  37  29  37
 29  35  29  36
 33  31  34  31
 82   5  82   6
  6   8   7   8
  4  12   4  13
 36   7  37   7
 37  41  38  41
 59  11  59  12
 18  31  18  32
 59  20  60  20
 53  39  54  39
 78  37  78  38
 18  24  18  25
 80  33  80  34
 55  25  56  25
 27   1  27   2
 58  36  58  37
 73  25  74  25
 74  26  75  26
 72  42  73  42
 74  29  74  30
 63  27  64  27
 20  29  21  29
  9  19   9  20
 62  11  62  12
 78  15  79  15
  1  29   2  29
 86  42  87  42
 52  27  53  27
 44  32  44  33
 11  13  11  14
 56  20  56  21
 33  33  34  33
 83  34  84  34
 72  10  73  10
 45  30  46  30
 28  28  29  28
 58   2  58   3
 70  28  71  28
  6  11   7  11
 27  23  28  23
 25  29  25  30
 78  10  79  10
 44  26  44  27
 81  25  82  25
 82  18  83  18
  4  42   5  42
 11  18  11  19
 67   4  68   4
 36  16  37  16
 22  40  23  40
 80  37  81  37
 20  28  21  28
 51   3  51   4
 84  43  85  43
 45  38  45  39
 26   9  27   9
 84  25  85  25
 42  22  42  23
 72  27  72  28
 84  39  85  39
 31  33  31  34
  8  21   9  21
 60   3  60   4
 16  12  17  12
 25   8  26   8
 67  29  68  29
 27  13  27  14
 25  25  26  25
 47   1  47   2
 30   7  31   7
 17  21  17  22
 78  16  79  16
 65  34  65  35
 63  17  63  18
 79  40  80  40
 66  21  67  21
 83  28  84  28
 43  21  43  22
  3  24   3  25
  9   5   9   6
 22  38  22  39
  0   6   0   7
 64   2  64   3
  9  16   9  17
 29  32  29  33
 70   5  70   6
 60   7  60   8
 66  18  66  19
 61  14  61  15
 15  18  16  18
  8  25   9  25
 64  25  64  26
 56  40  56  41
 34  37  34  38
 22  35  23  35
 86  18  87  18
 68  21  68  22
 11  22  11  23
 61  11  62  11
 59  32  60  32
 25   2  25   3
 56   4  56   5
 55  39  55  40
 35  33  36  33
 62   8  62   9
 67  17  68  17
 12   8  13   8
 69   1  70   1
 34   9  34  10
 34  31  35  31
 68  18  69  18
 83  17  84  17
 27  35  27  36
 28   2  28   3
 37  28  38  28
 23  30  23  31
 20  26  21  26
 67  15  68  15
 41  16  42  16
 38  12  39  12
 53   2  53   3
 52  14  52  15
 56   5  57   5
 83   0  83   1
 48  27  48  28
  1  42   1  43
 44   0  45   0
 82  42  82  43
 58  18  59  18
 40   0  40   1
  7  10   8  10
  5  22   5  23
 12  27  12  28
  5  25   6  25
 27  18  27  19
 77  27  78  27
 48   3  48   4
  7  24   8  24
  2  25   2  26
 64   9  65   9
 85   8  85   9
 81  14  82  14
 66   6  66   7
 12  24  12  25
 72  30  73  30
 65  33  66  33
 44   9  44  10
 29  29  29  30
 34  33  34  34
 80  21  80  22
 12  32  13  32
 66  24  66  25
 11  24  11  25
 68  13  68  14
  2  24   2  25
 14  10  15  10
 45  10  45  11
 46  10  46  11
  0  38   1  38
 27  15  27  16
 48  22  48  23
 60   9  61   9
 62  31  62  32
 69  18  69  19
 79  13  79  14
  2  30   3  30
 45  40  45  41
 57   0  58   0
 38  34  38  35
 80  12  80  13
 80   7  80   8
 81  36  81  37
  8   2   8   3
 78  33  78  34
 80  18  81  18
 18  37  19  37
 41  18  42  18
 43  36  43  37
  2  42   3  42
  0  31   0  32
 44   1  44   2
 56  32  56  33
 19  29  19  30
 60  15  60  16
 86  27  86  28
 25  22  26  22
 33   5  33   6
 17  29  18  29
 69  25  70  25
 21  17  22  17
 74  20  75  20
 41  37  41  38
 55  17  55  18
 43  33  44  33
 45  27  46  27
  4  30   5  30
 13  24  14  24
 29  12  30  12
 26   8  27   8
 78  40  78  41
 22  27  22  28
 84  28  85  28
 57  40  58  40
 35  31  35  32
 27  37  27  38
 74  39  74  40
 61   9  61  10
 63  26  63  27
 72  38  72  39
 11   3  11   4
 76  37  77  37
 77  22  77  23
 40   8  41   8
 17  12  18  12
  4  11   4  12
 43  11  44  11
 52   4  52   5
 42  32  42  33
 65  32  66  32
 55  28  56  28
  5  11   6  11
 70  17  70  18
 87   1  87   2
 12  15  12  16
 64  32  64  33
 34  16  35  16
 20   1  20   2
 18  40  19  40
 23  23  24  23
 21   8  21   9
 17  14  18  14
 51  35  52  35
 38  25  38  26
 29  24  29  25
 39  38  39  39
 67  18  68  18
 63   7  63   8
 68  19  68  20
 39  40  39  41
 11  33  11  34
 32   4  32   5
 23  32  23  33
 59  36  60  36
 68  27  69  27
 50   7  50   8
 75  12  75  13
 44   4  44   5
 76  31  77  31
 36  22  37  22
 81  11  81  12
 76  27  76  28
 68  17  69  17
 61  21  61  22
  5  15   5  16
  3  11   4  11
 53  21  54  21
 22  25  23  25
 86  38  86  39
 28  35  29  35
 63  25  63  26
 71   6  71   7
 35  27  35  28
 40  41  41  41
 65  15  66  15
  1   1   2   1
 53  24  53  25
 56   7  56   8
 36  11  37  11
 22  28  23  28
 82  13  82  14
 50  16  51  16
 69   8  70   8
 15  22  16  22
 78  26  79  26
  5  13   6  13
 58  11  59  11
 38  37  38  38
 50  39  51  39
 27  19  27  20
 22  33  23  33
 44   5  45   5
 60  14  61  14
 34  29  35  29
 68  33  69  33
 43  41  44  41
 77  22  78  22
 47  17  48  17
 40  26  40  27
 59  30  59  31
 42  15  42  16
 23  12  24  12
 43   3  44   3
 32  11  32  12
  7  15   7  16
 84  26  84  27
 33  39  33  40
 69  22  69  23
 24  15  24  16
 41   6  41   7
 61  17  62  17
 42  42  42  43
 64  23  64  24
 70  38  71  38
 21  26  21  27
 84  36  84  37
 64  27  64  28
 25  18  25  19
 44  18  45  18
 63  29  64  29
 69  17  69  18
 25  42  26  42
 80  24  80  25
 44  41  45  41
 83  17  83  18
 87  39  87  40
 83  18  84  18
 71  13  72  13
 28  21  28  22
 45   4  45   5
  1  12   1  13
 26  12  26  13
 78  29  79  29
 42   0  42   1
 75  13  75  14
  4   6   4   7
 57  16  57  17
 51  34  51  35
 80  27  80  28
 54  22  55  22
 77  14  77  15
 46  21  47  21
 28   1  29   1
 28  13  28  14
 43  39  43  40
 63   0  63   1
 64  35  65  35
 35  13  36  13
 51  23  52  23
 35  16  35  17
 68  37  68  38
 28  36  28  37
 37  14  37  15
 73  20  74  20
 24  22  24  23
 36  20  37  20
 54   5  54   6
 75  39  76  39
 48  40  48  41
 14  21  14  22
  2  31   2  32
 16  32  16  33
 32  41  33  41
 22  14  22  15
 57  13  57  14
 27  43  28  43
 86  41  86  42
 31  24  31  25
 73  24  74  24
 60  38  60  39
 29  27  29  28
 64  34  64  35
 72  41  73  41
 71  30  71  31
 54   8  54   9
 19  36  20  36
 79  33  79  34
 83  33  83  34
 33  21  33  22
 72  36  72  37
 58  12  59  12
 15   3  16   3
 14  38  14  39
 82   3  83   3
  3  31   3  32
 70  36  71  36
 17   1  17   2
 23   2  24   2
 20  16  21  16
  6  26   6  27
 28  40  29  40
 71   2  72   2
  0  25   0  26
 38   8  38   9
  1  10   1  11
 34  40  34  41
 84  23  84  24
 70  10  71  10
 58  33  59  33
 18   1  18   2
 50  23  51  23
 73  17  73  18
 74  11  75  11
 76   9  77   9
 17  34  18  34
 75   6  76   6
  6  22   6  23
 80  10  80  11
  2   1   3   1
 71  17  72  17
 48   7  49   7
 54  25  55  25
 68  11  68  12
 35  27  36  27
 68   8  68   9
 13  41  13  42
 10  11  11  11
 78  13  78  14
 55  25  55  26
  5  25   5  26
 17  20  17  21
 75  14  75  15
 30  34  31  34
 10  28  10  29
 16  28  16  29
  1  13   2  13
 33  40  34  40
 32  35  33  35
 58   8  58   9
 34   6  34   7
 35  32  36  32
  7   1   7   2
 73   4  73   5
 15   1  16   1
 12  14  12  15
 87   7  87   8
 79  24  80  24
 45   7  45   8
 25   5  26   5
 16  24  17  24
 12  36  12  37
 22  17  22  18
 13  40  14  40
 17  33  18  33
 86  16  86  17
 76   1  76   2
 35  29  35  30
 78   5  79   5
 42   1  43   1
 36  37  36  38
 73   8  73   9
 47  32  48  32
 17  42  18  42
 67  43  68  43
 75  39  75  40
 22   7  22   8
 53  14  54  14
 49  35  50  35
 49  26  50  26
 36  26  36  27
 27  33  28  33
  9  32   9  33
 79  23  79  24
 58   3  59   3
 51   0  52   0
 44  38  44  39
 14  41  14  42
  7  36   8  36
 63  13  64  13
 17  33  17  34
 54  42  54  43
 60  21  60  22
 62  10  62  11
 60  14  60  15
  3   8   4   8
 39  11  40  11
 85  14  85  15
 52  28  52  29
 76  40  77  40
  9   1   9   2
  4  34   5  34
 41  20  41  21
 78  15  78  16
  4  24   5  24
 74  13  74  14
 86   6  86   7
  6  15   6  16
 73  39  73  40
 43  18  43  19
 45  32  46  32
 16  21  16  22
 61  29  61  30
 13  22  14  22
 77   5  77   6
 64  10  64  11
  8  16   9  16
 30  30  30  31
 32  29  32  30
 44  11  44  12
 58  31  58  32
 77  14  78  14
 17  38  17  39
 82  16  82  17
 72  43  73  43
 76  36  76  37
 57  22  57  23
 84   4  85   4
 53  29  53  30
 84  15  85  15
 55  27  55  28
 49  40  49  41
  7  18   7  19
 62  22  62  23
 41  35  42  35
  2  36   2  37
 26  28  27  28
 54   1  55   1
 24  35  24  36
 80  11  81  11
 39  12  40  12
 35   7  35   8
 52  40  52  41
 41  23  42  23
 50  28  51  28
  7  16   7  17
 68  12  69  12
 32  25  33  25
 16  15  16  16
 20  22  20  23
  1  18   2  18
 85  25  85  26
 41   0  41   1
 76  11  76  12
 32  32  32  33
 68  12  68  13
 62  34  63  34
 60  30  61  30
 20  24  21  24
 70  34  70  35
 56  27  57  27
 80  27  81  27
 75  26  76  26
 45  13  45  14
 73  36  73  37
 14  41  15  41
 60  37  61  37
 24   2  25   2
 35  41  35  42
  1  22   2  22
 23  35  24  35
 66  33  67  33
 18  29  18  30
 37  32  37  33
 14  21  15  21
 41  29  41  30
 62   7  62   8
 57  19  57  20
 60  26  61  26
 45  36  45  37
 39  36  40  36
  1   7   1   8
 23   0  23   1
 51   9  51  10
 35  24  35  25
 42  35  42  36
 63  12  63  13
 52  40  53  40
 34  20  34  21
 39  39  40  39
 65   8  66   8
 40  30  40  31
 86  15  87  15
 73  18  73  19
  6  40   6  41
 34  12  35  12
 86  22  86  23
 42   0  43   0
 15  37  15  38
 82  18  82  19
 71  18  71  19
 34  36  35  36
 36   4  36   5
 86  15  86  16
  4  13   4  14
 36  37  37  37
 50   5  50   6
 47  11  48  11
 13  23  13  24
 34  41  34  42
  9  24  10  24
 59  34  59  35
 50   3  51   3
 16   4  16   5
 75  28  76  28
 24   5  24   6
 19   8  20   8
  7   8   8   8
 43  26  44  26
  1   6   1   7
 60  26  60  27
 82   6  83   6
 83   2  84   2
 31   0  32   0
 11   5  12   5
 52  12  52  13
 13   3  14   3
 42  25  43  25
 14  29  14  30
 51   9  52   9
 26  38  27  38
 82  16  83  16
 85  26  86  26
 38  30  38  31
 74   0  74   1
 34  37  35  37
 69   4  69   5
 22  37  22  38
 78  30  78  31
  1  15   2  15
 22  36  22  37
 53  13  53  14
  0   3   1   3
 71  38  72  38
 60  20  60  21
 29  42  29  43
 13  25  13  26
 59  30  60  30
  3  15   4  15
 69   9  70   9
  8   9   9   9
 76  41  77  41
  9   3  10   3
 33  37  33  38
 42   7  43   7
 10  17  10  18
 62  37  63  37
 30  21  31  21
  3  41   3  42
 77  19  77  20
 29  40  30  40
 54  36  55  36
 70  33  71  33
  7  35   8  35
 56  23  56  24
 42  11  43  11
 45   8  45   9
 42   6  43   6
 25  16  26  16
 30  22  30  23
 85  26  85  27
 23  37  23  38
 86  13  86  14
  3  13   4  13
 86   2  87   2
 65  30  65  31
 83  37  84  37
 23  23  23  24
  8  20   8  21
  2  25   3  25
 68  34  69  34
 37   8  37   9
 50  35  50  36
 31  11  32  11
 87  35  87  36
 19  32  19  33
 81  20  81  21
 39  32  39  33
 32   7  32   8
 80  14  81  14
 11   0  12   0
  4  15   5  15
 57  28  57  29
 68  38  68  39
 74  40  74  41
 66  19  67  19
 81   2  82   2
 52  11  53  11
 46  34  46  35
 39   5  39   6
 11  12  12  12
 34  34  35  34
 58   9  58  10
 37   0  38   0
 28  34  28  35
 67  39  67  40
 65  20  65  21
 81   9  82   9
 40  15  40  16
 24   1  25   1
 39  13  40  13
 58   8  59   8
 12  12  13  12
 78  28  79  28
 69  16  69  17
 66  10  66  11
  7  39   7  40
 58  37  59  37
 21  41  21  42
 54   8  55   8
 62  15  63  15
 26   7  27   7
 13  17  13  18
 46  35  46  36
 53  21  53  22
 30  12  31  12
 77  10  78  10
 33  37  34  37
 28  26  28  27
 22   4  23   4
 39  11  39  12
 39  18  39  19
 44  16  44  17
 20   8  21   8
 73  24  73  25
 34  28  34  29
 38  32  38  33
 10  35  10  36
 39   4  40   4
 56   2  56   3
 62  19  63  19
 14  14  15  14
 13  29  13  30
 40  20  41  20
 69  37  70  37
 14  19  15  19
 12  39  13  39
 65  12  66  12
 82  15  83  15
  3  21   3  22
 31  10  31  11
 29  33  30  33
 67   0  67   1
 76  28  76  29
  6  33   7  33
 80  16  81  16
 77  17  78  17
  5   8   5   9
 65  19  66  19
 86   3  87   3
 12  29  12  30
  6   7   6   8
 73   6  73   7
 84  17  84  18
 59  14  59  15
 70  19  70  20
 27  21  28  21
 24   4  25   4
 44  38  45  38
 38  31  38  32
 59   7  60   7
 55  37  56  37
 70  23  71  23
 60  10  60  11
 72  21  73  21
 77  27  77  28
  6  32   7  32
 15  26  15  27
 50   2  50   3
  6  38   6  39
 68  37  69  37
 83  13  83  14
 19  21  19  22
 54  17  54  18
 50  10  50  11
 14   2  15   2
  6   1   6   2
 21  10  22  10
 12  26  12  27
 21  19  22  19
 85   9  85  10
 32  10  33  10
 37  30  37  31
 33  28  33  29
 15   4  15   5
 74  23  75  23
 86  10  87  10
 83  14  83  15
 56  34  57  34
 37  21  38  21
  8  10   8  11
 86  35  86  36
 37  21  37  22
 70  35  71  35
 38  15  38  16
 14   6  14   7
 23  11  23  12
 38  39  38  40
 15  23  16  23
 41  10  41  11
 34  19  35  19
 15   2  15   3
  7  26   8  26
 49  41  49  42
 79  43  80  43
 39  28  39  29
 80  35  81  35
 45   4  46   4
 31  31  31  32
 11  23  12  23
 24  13  25  13
 53  23  53  24
 63  23  63  24
  2  42   2  43
 48   5  48   6
  4  16   4  17
  6  29   6  30
 65   9  66   9
 20  33  21  33
 11  37  11  38
 53  10  54  10
 64  15  64  16
 23  10  24  10
 20  16  20  17
  7  33   8  33
 21   9  21  10
 23  22  23  23
 21  20  22  20
  8  35   9  35
 53  18  54  18
 80  38  81  38
 66  30  66  31
 22   2  22   3
 22   9  23   9
 32  19  32  20
  5  26   6  26
 27  22  27  23
  1  17   2  17
 68  23  69  23
 54  28  55  28
 64   2  65   2
 59   6  59   7
 48   8  48   9
 71  39  72  39
 78  14  78  15
 17  35  18  35
 49   9  49  10
  5  18   6  18
 58  17  59  17
 59  11  60  11
 15   8  16   8
 52   9  52  10
 40  32  41  32
 47  34  47  35
 67   0  68   0
 11  19  12  19
 34  13  35  13
 51  29  51  30
 41  28  42  28
 28  20  29  20
 74   3  74   4
 56   9  57   9
  3  39   4  39
 41  12  42  12
 35   6  36   6
 30   4  30   5
  1  21   1  22
 62   4  62   5
 54  19  55  19
  6  12   6  13
 54  43  55  43
 73  30  74  30
 11  35  12  35
 65  15  65  16
 76   2  77   2
 57  25  57  26
 51  21  51  22
 48  30  48  31
 59  27  60  27
 27  33  27  34
 55  33  55  34
 51  22  51  23
 62  25  62  26
 36  17  37  17
 24   8  24   9
  3  14   4  14
 46  28  47  28
 21   2  22   2
 37   4  38   4
 81  19  81  20
 46  34  47  34
 54   6  54   7
 46  18  46  19
 84   5  84   6
 83  29  84  29
 53  28  53  29
 56  15  57  15
 20  30  20  31
 62  36  62  37
 60   9  60  10
 73  28  74  28
 78  36  78  37
 80  26  80  27
 37   5  37   6
 58  23  58  24
 19  33  19  34
 83  20  84  20
 37   5  38   5
 34  38  35  38
 81  34  82  34
 77  37  77  38
 63  40  63  41
 36  18  36  19
 30  22  31  22
 34  30  34  31
 40  11  41  11
 30  36  31  36
 72  22  72  23
 58  41  58  42
 26  27  26  28
 65  23  66  23
  5  39   5  40
  4  38   5  38
 40  27  41  27
  1  26   1  27
  0  42   0  43
 84  14  85  14
  3  39   3  40
  1  27   2  27
 63  17  64  17
 52  17  52  18
 54  21  54  22
 60  10  61  10
 44  42  45  42
  2  31   3  31
 55   7  55   8
 72  28  72  29
 72  23  73  23
 66  31  67  31
 52  21  52  22
 14  36  14  37
  6  10   7  10
 44  19  45  19
 29  39  30  39
 48  23  49  23
 45  41  46  41
 81  29  81  30
  7  20   8  20
 41  28  41  29
 76  22  77  22
 57  42  58  42
  6  43   7  43
 47  39  47  40
  2  23   3  23
  9   3   9   4
 72  10  72  11
 69  24  70  24
 47  35  48  35
 25  32  26  32
 54   6  55   6
 61  40  61  41
  3   2   3   3
 75  10  76  10
 22  34  22  35
 25  29  26  29
 47   4  47   5
 46  13  46  14
 65  37  65  38
 35  14  35  15
 50  11  51  11
 63  38  64  38
 50  10  51  10
 77  19  78  19
  5  32   5  33
 32  20  32  21
 83  20  83  21
 37  35  37  36
 13  43  14  43
 65  18  65  19
 58  42  58  43
 84  35  85  35
 24  12  24  13
 62   4  63   4
 52   8  52   9
 60  27  60  28
 33  31  33  32
 60  28  61  28
 61  34  61  35
 78  38  78  39
 80   4  81   4
 12   6  13   6
 32  26  33  26
 64  31  65  31
  3  19   3  20
 27  26  27  27
 73  14  73  15
  3  26   4  26
 17  24  17  25
 84  32  85  32
 14  13  15  13
  5  31   6  31
 58   5  58   6
 73  19  74  19
 33   0  34   0
 15   5  16   5
 71  11  72  11
 57  15  58  15
 61  28  61  29
 49  30  49  31
  9  14  10  14
 11  32  11  33
 16  30  16  31
  8  34   9  34
 57  31  58  31
 54  15  54  16
 47   7  48   7
 13   1  13   2
 19  10  19  11
 38  41  38  42
 64  38  64  39
 18   5  18   6
 83  12  83  13
 51   6  52   6
 32  28  32  29
 39  19  40  19
  9  34   9  35
 32  31  32  32
  4  19   4  20
 71  39  71  40
 33  36  33  37
 73  23  73  24
 11  16  11  17
  8  38   9  38
 48  27  49  27
 42  29  42  30
 86  31  86  32
 25   9  25  10
 76   8  76   9
 33  17  33  18
 38  38  38  39
 17  34  17  35
 79  31  79  32
 45  14  46  14
 29  17  30  17
 64   7  64   8
 79   5  79   6
 48  24  49  24
 28  11  28  12
 40  20  40  21
 18  39  18  40
 72   5  73   5
 46   7  47   7
 82  25  83  25
 18  23  18  24
  7  25   8  25
 28  39  29  39
 52  15  52  16
 60  23  61  23
 67  16  68  16
  8  37   9  37
 86  40  87  40
 27  34  27  35
 50   3  50   4
 32  27  33  27
 52  20  52  21
  3  42   3  43
  8   7   9   7
 10   8  11   8
 13  14  14  14
 78  38  79  38
  4  39   5  39
  1  41   2  41
 40  30  41  30
 42  26  42  27
 71  27  71  28
 24  37  25  37
 76  18  77  18
 17  13  17  14
 73   1  74   1
 53  40  53  41
  3   4   4   4
 19  37  19  38
 64  21  65  21
 20  13  20  14
 55  12  56  12
 57  23  57  24
 15  24  16  24
 77  12  78  12
 19  12  20  12
 18  36  19  36
 10  43  11  43
 13  17  14  17
 31  14  31  15
 23  40  24  40
 67   2  67   3
  6  37   7  37
 28  24  29  24
 86  41  87  41
  6  18   7  18
  9  22  10  22
 30  41  30  42
 27  21  27  22
 22  15  22  16
 33  39  34  39
  7   9   7  10
 83  27  84  27
 64   1  65   1
 10  30  10  31
 24  26  25  26
 33  30  34  30
 71  15  72  15
 73  17  74  17
 70  41  70  42
 41  16  41  17
 71  29  72  29
 10  15  11  15
  6  23   7  23
 64  37  64  38
 65  36  66  36
 45   3  45   4
  1   4   2   4
  8   0   9   0
 40   5  41   5
 27   6  27   7
 45  17  46  17
 62   6  63   6
 36  28  37  28
 43   6  43   7
 40  34  40  35
 17  27  17  28
 57  18  57  19
  8   6   9   6
 54  12  54  13
 70  37  71  37
 71  28  71  29
 56   4  57   4
 76  40  76  41
  5  35   6  35
 22  20  22  21
  0  28   0  29
 75  38  76  38
 79   2  80   2
 27  32  28  32
  7  39   8  39
 77   6  77   7
 53  35  54  35
 21  39  21  40
  6  10   6  11
 56  24  57  24
 69  42  70  42
 59   4  60   4
 10   7  10   8
 66  24  67  24
 40   7  40   8
 38  18  38  19
 85  12  86  12
  1   2   2   2
 36  14  37  14
 16   1  16   2
 41  26  41  27
 82  10  83  10
 82  13  83  13
  9  13   9  14
 63   4  64   4
 55   0  55   1
 45  16  45  17
 56  35  57  35
  6  16   6  17
 28  36  29  36
 22  30  22  31
 17   8  17   9
 30  13  30  14
 16   9  16  10
 37  17  38  17
 62  40  62  41
 68  28  68  29
 28  31  29  31
 35   6  35   7
 51   2  52   2
 59  39  60  39
 45  24  46  24
 73   5  73   6
  0   9   1   9
 59  17  60  17
 75   5  76   5
 12  25  12  26
  4  27   4  28
 71  26  71  27
  2  13   2  14
 80  21  81  21
 19  38  20  38
 33  29  34  29
 22  20  23  20
 47  37  48  37
  1  24   2  24
 42  37  42  38
 79  42  80  42
 61   5  61   6
 77  15  77  16
 49  16  50  16
 30   2  31   2
 55  14  55  15
 60   2  61   2
 15  17  15  18
 14  28  15  28
 55  18  55  19
 80  41  80  42
 71  11  71  12
 48   2  49   2
  1  20   2  20
 24  17  24  18
 80   6  80   7
 39  33  40  33
 79  18  80  18
 63  30  63  31
 54   2  55   2
 16   2  17   2
 36  33  36  34
 23  22  24  22
 43  30  44  30
 41   2  41   3
 11  28  12  28
 38  13  38  14
 45  29  46  29
 81  40  81  41
 25  23  26  23
 35  41  36  41
 49   0  50   0
 61  13  62  13
 68  24  68  25
  8   9   8  10
 56  28  57  28
  9  15  10  15
 58   3  58   4
 56  23  57  23
 14  25  15  25
 18  37  18  38
  1  28   1  29
 54  40  55  40
  9  40  10  40
 51  24  51  25
 78  35  78  36
 52  35  52  36
 81  23  81  24
 45   0  46   0
 26   1  27   1
 65  37  66  37
 40  37  40  38
 60  16  61  16
 63   0  64   0
 65  16  66  16
 60   6  61   6
 33  38  33  39
 15   9  16   9
 25  41  25  42
 79  34  80  34
 27  40  27  41
 73  33  74  33
 57  27  58  27
 81  21  81  22
 66  10  67  10
 50  29  50  30
  6   4   7   4
 25  24  25  25
 63  16  64  16
 59  32  59  33
 85  11  85  12
 81  23  82  23
 21  41  22  41
 17  39  18  39
 25   4  26   4
 53   1  53   2
 25   6  25   7
 82  20  82  21
 16  14  16  15
 14   2  14   3
 81  28  81  29
 61  38  62  38
 55  41  55  42
 41   2  42   2
 66  29  67  29
 37  12  38  12
 42   5  43   5
 64  34  65  34
  1  33   1  34
 42  35  43  35
 62   0  62   1
 71  14  72  14
 74  24  75  24
 72  14  73  14
 72  29  72  30
 12  24  13  24
 42  39  42  40
 53  15  53  16
 60  25  60  26
 72  23  72  24
  0  36   0  37
 70  42  70  43
 71  14  71  15
 10  14  11  14
 26  40  26  41
 72   0  73   0
 33   1  34   1
 75   6  75   7
 32   0  32   1
 11  33  12  33
 58  25  58  26
 60  35  61  35
  0  11   0  12
 32   8  32   9
 46  39  46  40
 30  12  30  13
 77  20  78  20
 24  42  25  42
 47  34  48  34
 18  23  19  23
 40  18  41  18
 16  27  17  27
 61  15  62  15
 71  17  71  18
 21  20  21  21
 86   1  87   1
 74  16  74  17
 31  19  32  19
 48  42  49  42
 13  37  14  37
 61  43  62  43
 67  35  68  35
 38  19  38  20
 61  12  61  13
 60  13  60  14
 44  34  44  35
 76   7  76   8
 71  33  71  34
 11  34  11  35
 83  29  83  30
 29  29  30  29
 57  27  57  28
 39  35  39  36
 61  23  61  24
 61  27  61  28
 79  12  80  12
 66  38  67  38
  6   3   6   4
 25   4  25   5
 31   7  31   8
 33  18  33  19
 30   0  30   1
 31  25  31  26
 23  35  23  36
 81   2  81   3
 43  38  44  38
 85   5  86   5
 40  28  41  28
 49  11  50  11
 32  40  32  41
 50  41  50  42
 37  10  38  10
 22   9  22  10
 39  20  40  20
 74  31  74  32
 29  10  30  10
 43  23  43  24
 49  18  50  18
 42   3  43   3
 72  25  73  25
 65  24  66  24
 75   2  75   3
 43  38  43  39
 25  37  25  38
 64  37  65  37
 26   5  27   5
 65   7  65   8
 39  42  40  42
 55  38  55  39
 45  26  45  27
 44   6  45   6
 23  26  24  26
 85   1  86   1
 41  29  42  29
 45  15  46  15
 51  31  51  32
 69  19  70  19
 36  19  37  19
 33   8  34   8
 43  29  43  30
 73   9  74   9
 44   8  45   8
 75  36  75  37
 17  16  17  17
 35   5  36   5
 17   3  18   3
 69  21  69  22
 31  32  32  32
 13  21  14  21
 71  29  71  30
 21  25  21  26
 79  12  79  13
 36  38  36  39
 67  41  67  42
 47   9  47  10
  6  36   7  36
 59  23  60  23
 57  17  57  18
 26  37  27  37
 36  35  36  36
 34  24  34  25
 34  18  34  19
 76   1  77   1
 15  29  16  29
 21  25  22  25
 29   6  29   7
 70  12  71  12
 58  15  59  15
 72  33  72  34
 16   3  17   3
 76   4  77   4
 18  35  19  35
 80   7  81   7
 26  16  26  17
 40  23  41  23
 25  14  26  14
 42  41  42  42
 43  26  43  27
  8  18   9  18
 48   7  48   8
 47  32  47  33
 27  13  28  13
 60  24  60  25
 40  18  40  19
 24  36  25  36
 22  33  22  34
 80  13  81  13
 63  20  63  21
  7   7   8   7
 86  22  87  22
 85  40  86  40
 48  13  49  13
 35   3  35   4
 39   2  40   2
 58  32  58  33
 17  10  18  10
 15   9  15  10
 64  29  65  29
 85  34  86  34
 26  17  27  17
 77  20  77  21
 70  13  70  14
 53  11  54  11
 12   9  12  10
 64   6  65   6
 36  13  36  14
 31  12  32  12
  4   3   5   3
 32   2  33   2
 11  27  12  27
  6   5   7   5
 19  27  19  28
 62  18  63  18
 36  38  37  38
  6  22   7  22
 12  40  12  41
 72   5  72   6
 48  34  48  35
  3  27   4  27
 42  40  42  41
 34   3  35   3
 59  41  59  42
 15  14  15  15
 70  21  71  21
 81  34  81  35
 41  40  41  41
 47  22  47  23
 26  21  27  21
 63  42  64  42
 64  24  64  25
 42   1  42   2
 78   3  79   3
 45   1  45   2
 23  24  23  25
 22  26  22  27
 83  11  84  11
  3   4   3   5
 87  28  87  29
  1  37   2  37
 64  40  65  40
 49  42  49  43
 76  39  76  40
 58  16  59  16
 13   0  13   1
 31  29  31  30
  4   0   5   0
  2  38   3  38
 28  12  28  13
 87  25  87  26
 22  41  23  41
 83  41  83  42
  9  23  10  23
 78  42  79  42
 29  28  29  29
  3  36   4  36
 76  35  76  36
 18   6  18   7
 13  35  13  36
 27   3  28   3
 15  36  16  36
 54   1  54   2
 50  27  51  27
 87  38  87  39
 13  28  13  29
  2   3   2   4
 45  28  46  28
 31  25  32  25
 66   4  67   4
 59  39  59  40
 18  20  18  21
 75  36  76  36
 32  14  32  15
 43  18  44  18
 46  33  47  33
  3  40   4  40
 77  32  77  33
  3  25   3  26
 76  14  77  14
 11  13  12  13
 14  35  15  35
 48  19  49  19
 51  17  51  18
 24  18  24  19
 55  30  55  31
 10  20  10  21
  0  37   1  37
  3   3   3   4
 63   3  63   4
 21   4  21   5
 23  26  23  27
 84  33  84  34
 38   0  38   1
 52  37  53  37
 21  14  22  14
 22  21  22  22
 33  32  34  32
 73  37  74  37
 27  28  27  29
 69  23  70  23
 69  31  70  31
  6  13   6  14
 18   6  19   6
 16   9  17   9
  8  42   9  42
 52  41  52  42
 78  24  79  24
 84   8  85   8
 38  17  39  17
 52  22  53  22
 16  13  16  14
 16  38  17  38
  4  35   5  35
 26   3  26   4
 40   8  40   9
  6   2   6   3
  7  20   7  21
 81  16  82  16
  8  43   9  43
 59   4  59   5
 30  31  30  32
  3  30   3  31
 33  21  34  21
 53  13  54  13
 42  18  43  18
 56  29  56  30
 80  34  81  34
 47  18  47  19
 85   0  86   0
 28   6  29   6
 80  22  80  23
 80  31  81  31
 16   0  16   1
 33   6  33   7
 67  34  67  35
 39  22  39  23
 37   1  38   1
 82  35  83  35
 11  23  11  24
 68  30  69  30
 31   6  32   6
 63  39  64  39
 41   4  41   5
 33  20  34  20
 87  16  87  17
 39  32  40  32
 52  26  53  26
 70  35  70  36
 60   5  60   6
 47   5  48   5
 41  18  41  19
 66  42  66  43
 69  13  69  14
 49  23  50  23
 76  10  76  11
 81   1  81   2
 45  39  45  40
  9  29   9  30
  1   4   1   5
 67  33  67  34
  1  36   1  37
 61  26  62  26
 34  13  34  14
 38  18  39  18
 51  14  51  15
 50  26  50  27
 58  24  58  25
 44  40  45  40
 60  18  61  18
  3  33   4  33
 82  38  82  39
 84   0  84   1
 75   4  76   4
 52  36  53  36
 44  27  45  27
 59  38  60  38
  7  28   7  29
 28  22  29  22
 69  14  69  15
 53  30  53  31
 75  33  76  33
 20  38  21  38
  9  33   9  34
 55  33  56  33
 10   9  11   9
 33   3  34   3
 40  41  40  42
 15  34  16  34
 79  23  80  23
  9   6  10   6
 75  33  75  34
 63  21  64  21
 72  15  72  16
 44  33  44  34
 68  22  68  23
 74   3  75   3
 72  17  73  17
  3  23   3  24
  8  38   8  39
 73  26  73  27
 38   3  39   3
  9  43  10  43
 19  39  20  39
 52  22  52  23
 10   3  10   4
 86  28  86  29
 83  15  84  15
  2  35   2  36
 50  30  51  30
 14  28  14  29
 51  27  52  27
 22  27  23  27
  5  24   5  25
 62  32  62  33
 17  10  17  11
 44   2  45   2
 20  39  21  39
 53  36  53  37
 83   6  84   6
 68  43  69  43
 80  18  80  19
 85  18  85  19
  4  17   4  18
 37  16  37  17
 37  40  38  40
 42  28  42  29
  0  21   0  22
 54  35  54  36
 47  28  48  28
 60  29  61  29
  6  27   6  28
 71   0  72   0
  0  16   1  16
 20   2  20   3
 70   8  71   8
 41  32  42  32
 13   5  13   6
 49  12  50  12
 74  39  75  39
 34  17  34  18
 85  22  86  22
 74  11  74  12
 56  40  57  40
 63  26  64  26
 31  31  32  31
 26  15  26  16
 50  30  50  31
  7  12   7  13
 66  39  67  39
 71  22  72  22
 29  22  30  22
 56  21  57  21
 12   3  13   3
 12  42  12  43
 72   9  73   9
 33  26  33  27
 20  14  21  14
 23  36  23  37
 53   4  54   4
 84  34  85  34
  2  33   3  33
 71  20  72  20
 73  35  73  36
 58  20  59  20
 74  16  75  16
 52  38  52  39
 34   9  35   9
 27  14  27  15
 34  22  34  23
 20  39  20  40
 15  20  15  21
 16  13  17  13
 41  39  41  40
 33  17  34  17
 54  17  55  17
 52   1  52   2
 69   3  69   4
 70   9  71   9
 10  41  11  41
 68   1  68   2
  6  24   7  24
 23  15  24  15
 21  15  21  16
  0  40   1  40
 86  24  86  25
 69   3  70   3
 50  20  51  20
 12   1  12   2
 61  23  62  23
 75  13  76  13
 39  24  39  25
  5  20   5  21
 41   8  42   8
 67  22  67  23
 25  14  25  15
  8  11   9  11
 56  26  57  26
 53  29  54  29
 61   7  62   7
 26   0  26   1
 56  27  56  28
 22  10  22  11
 24  23  25  23
 50   8  51   8
 65  40  66  40
  5  30   5  31
 46   3  46   4
 62  13  63  13
 61   0  61   1
 86  37  87  37
 28  28  28  29
  4  30   4  31
 21   7  22   7
  0  27   0  28
 78  11  79  11
 76   2  76   3
 43   9  44   9
 67  36  68  36
 57  24  58  24
 83  32  84  32
 46  15  47  15
 55   3  55   4
 13  38  14  38
 49  34  49  35
 54  21  55  21
 73   4  74   4
 27  39  28  39
 37  34  38  34
 61   4  61   5
 36  24  36  25
 48  11  49  11
 84  16  84  17
 43  25  44  25
 49  10  49  11
 75  31  76  31
 70   6  70   7
 28   4  29   4
 49  14  50  14
 30  40  30  41
 84   2  84   3
 10  26  11  26
 62  37  62  38
 85  36  85  37
 52  27  52  28
 86  38  87  38
 69  15  69  16
 39  22  40  22
 18  39  19  39
 10   9  10  10
 27   0  27   1
 54  31  54  32
 29  26  30  26
 32   4  33   4
 35  25  36  25
  4  20   4  21
 11  16  12  16
 30  38  30  39
 74  21  75  21
 50  32  50  33
 19   3  20   3
 60  33  60  34
 51  16  51  17
 54  13  54  14
 33  22  33  23
 29   6  30   6
 11  37  12  37
  2  13   3  13
 82  17  82  18
 34  28  35  28
 24  31  24  32
 45  34  45  35
 25   9  26   9
  6   5   6   6
 16  19  17  19
 63  20  64  20
 11  41  11  42
  4   4   5   4
 58   5  59   5
 60  21  61  21
  7   3   8   3
  5   5   6   5
 55  23  55  24
 10  30  11  30
 15   7  15   8
 49  36  50  36
 32  34  33  34
 87  18  87  19
 72  20  73  20
 13  36  14  36
 46  19  47  19
  4  28   5  28
 55  13  55  14
 70  15  71  15
 56  11  57  11
 76  23  77  23
 42  25  42  26
 62  23  62  24
 47  12  47  13
 75  11  75  12
 85  38  86  38
 81  11  82  11
 13   1  14   1
 68  33  68  34
 82  31  82  32
 12  23  13  23
 66  14  66  15
 26  41  27  41
 39  28  40  28
 34  23  35  23
 30  41  31  41
 42  13  43  13
 82  41  82  42
 11   4  11   5
 60  30  60  31
 14  12  14  13
 29  40  29  41
 69  29  70  29
 81  13  82  13
 38  23  39  23
 72   1  72   2
 51  19  52  19
 22  31  23  31
 47  41  48  41
 53  37  53  38
 27   9  28   9
  1  35   1  36
 80   3  80   4
 80  24  81  24
 22  37  23  37
 72  17  72  18
 65  13  65  14
 70  14  71  14
 31  28  31  29
 14   0  15   0
 54   9  54  10
 69  33  70  33
 54  24  54  25
 12  32  12  33
 50  17  51  17
 64   3  65   3
 17  11  17  12
 81  41  82  41
 37  25  38  25
 26  27  27  27
 70  16  70  17
 40   1  40   2
 21  14  21  15
 37  39  37  40
 37   9  37  10
 50  32  51  32
 43  33  43  34
 80   0  81   0
 87  19  87  20
 37  26  38  26
 41  38  41  39
 10   1  11   1
  5  37   6  37
 63  39  63  40
 71  42  71  43
 59  16  60  16
 12  20  12  21
 43  10  43  11
 37   3  38   3
 85  17  86  17
 42   7  42   8
 26  22  27  22
 24  30  24  31
 26  14  27  14
 43  35  44  35
  6  41   7  41
 32   6  32   7
 40  14  40  15
 36  27  37  27
 34  14  34  15
 79  30  80  30
 14  22  14  23
  7  22   7  23
 40  43  41  43
 51  28  52  28
 44   5  44   6
 23  16  23  17
 62  30  63  30
 31  42  32  42
 74  30  74  31
 15  26  16  26
 12  33  13  33
 18  21  18  22
 73   7  74   7
 82  31  83  31
 79   5  80   5
 85  25  86  25
 55  29  56  29
 78   0  79   0
 19   4  20   4
 73  42  73  43
 57  37  57  38
 51  28  51  29
 23  21  23  22
 47  24  48  24
 65  16  65  17
 50  25  50  26
 62  32  63  32
  6  26   7  26
 69  21  70  21
 41  20  42  20
 24   2  24   3
 29   2  30   2
  5   3   6   3
 24  31  25  31
 38  14  38  15
 33  16  33  17
 28  32  29  32
 65  29  66  29
 19  43  20  43
 46  42  46  43
 21  34  21  35
 76  31  76  32
 39   9  40   9
 36   0  37   0
 50   5  51   5
 56  16  57  16
 23  28  24  28
 53  24  54  24
 64  32  65  32
  8  35   8  36
 66   5  67   5
 73  27  74  27
 34  32  34  33
 20  21  20  22
  4  22   4  23
 50  34  50  35
 11   9  11  10
  0  30   1  30
 26  30  27  30
 43  42  43  43
 36  43  37  43
 24  24  25  24
 46  43  47  43
 30  33  30  34
 68  16  68  17
 38  10  38  11
 43   9  43  10
 66  16  66  17
  7  27   8  27
 25   0  25   1
  5   1   5   2
 15  31  16  31
 19   4  19   5
 57  30  58  30
 25  35  26  35
 83  12  84  12
 56  13  56  14
  6  17   7  17
 86  32  87  32
 75  21  76  21
 57  31  57  32
 17   2  18   2
 58  34  58  35
 25  21  25  22
 64  42  65  42
 61   8  61   9
 32   6  33   6
 21  23  21  24
 35   7  36   7
 79   1  79   2
 77   1  77   2
 19   6  19   7
 16   0  17   0
 14  23  15  23
 76  25  76  26
 78   3  78   4
 33  36  34  36
 64  20  65  20
 39  29  39  30
 13  34  14  34
 64   8  65   8
 26   4  27   4
 35  35  36  35
 85   6  86   6
 36   1  36   2
 37  25  37  26
 23   1  23   2
 18  15  19  15
 54   3  54   4
 59  25  59  26
 56  22  57  22
 64  12  64  13
 84  20  84  21
 66  26  66  27
 47   3  48   3
 71   1  71   2
  9  38   9  39
  9  10  10  10
  7  37   8  37
  7   6   8   6
 83   0  84   0
 76  14  76  15
 81  26  82  26
 68  20  69  20
 53  22  54  22
 15  15  16  15
 83  26  83  27
 77   0  78   0
 42   9  42  10
  8   4   9   4
  8  42   8  43
 42  39  43  39
 41   1  41   2
 21  12  21  13
 66  41  67  41
 75  35  75  36
 78  12  79  12
 78  20  78  21
 44  35  45  35
 36   6  36   7
 55   7  56   7
 31   0  31   1
 65  24  65  25
 16  28  17  28
 76   8  77   8
 76  21  76  22
 62  36  63  36
 83  31  83  32
 26  23  26  24
  9   7   9   8
 60   8  61   8
 34   7  34   8
 36  22  36  23
 25  36  25  37
 10  27  11  27
 52  32  52  33
  5  41   5  42
 40  27  40  28
  1   3   1   4
 34  22  35  22
 21   6  21   7
 78   6  79   6
 60  32  60  33
  8  41   9  41
 20  25  21  25
  0  29   1  29
 47   9  48   9
  5   9   6   9
 28  39  28  40
 48  16  48  17
 65  26  66  26
 35  40  35  41
 26  19  27  19
 48  23  48  24
 67  10  68  10
 32   8  33   8
 41  15  42  15
 86   9  87   9
  8  41   8  42
 37   6  37   7
 23   6  23   7
 43  23  44  23
 29   1  30   1
 14  31  15  31
 70  15  70  16
 59  25  60  25
 48  21  48  22
 54  28  54  29
 77  29  77  30
 49  33  50  33
 12  10  12  11
 75   1  75   2
 63   9  63  10
 82  33  82  34
 34   0  34   1
 66  39  66  40
 65  17  66  17
 50   0  51   0
 53  40  54  40
 62  15  62  16
  2  36   3  36
 24  40  25  40
 42  27  43  27
  2  24   3  24
 44  22  44  23
 16  32  17  32
 56  14  56  15
 50  22  50  23
  5   6   6   6
 14  42  14  43
 62  14  63  14
 83   1  83   2
 74  33  74  34
 74   0  75   0
 76  17  76  18
 31   5  32   5
  2  29   2  30
 58  36  59  36
  9  11  10  11
 74  21  74  22
 38  43  39  43
 35  12  35  13
 79  10  79  11
 77  39  78  39
  1  15   1  16
 64  12  65  12
 41  23  41  24
  5  26   5  27
 56   3  56   4
  1   1   1   2
 24   3  24   4
 71   2  71   3
 84  18  85  18
 56  37  57  37
 19   7  19   8
 53  38  54  38
 55  34  56  34
 52  23  53  23
  8  30   9  30
 45  35  45  36
 82   8  83   8
 77  36  77  37
 68  27  68  28
 83  36  83  37
 44  16  45  16
 43  20  43  21
 44   1  45   1
 86  26  87  26
 63  18  63  19
  7  34   7  35
 78  20  79  20
 36  11  36  12
 74  27  75  27
 60  31  61  31
 24  35  25  35
  6  34   7  34
 33  16  34  16
 50   9  50  10
 40  16  40  17
 74  25  74  26
 76  30  77  30
 65   2  65   3
 27  26  28  26
 37  18  38  18
 20  18  21  18
 76   0  76   1
 28  20  28  21
 16  23  16  24
  9   4  10   4
 21  29  21  30
 32  12  32  13
 38   5  38   6
 13  19  13  20
 68  30  68  31
 37  23  37  24
 47  21  48  21
 17  21  18  21
 28  25  28  26
 85  33  86  33
 51   5  52   5
 81   6  82   6
 69   5  70   5
 79  21  79  22
 59  20  59  21
 62  28  62  29
 70  11  71  11
 86  29  87  29
 44  14  45  14
 59   3  60   3
 37  30  38  30
 19   2  20   2
  8  40   8  41
 49  32  50  32
 34  12  34  13
 66  17  67  17
 56   1  57   1
 67  32  68  32
 44  27  44  28
 77   0  77   1
 59  22  59  23
 30  23  31  23
  9  16  10  16
  8  23   8  24
  2  20   3  20
 80   5  81   5
 64   1  64   2
 79  14  79  15
 70  30  70  31
 77   7  78   7
 74   4  74   5
 77   4  78   4
 77  33  78  33
 37  12  37  13
 33  35  33  36
 40  34  41  34
 28  43  29  43
 30  30  31  30
 87  33  87  34
 75  42  75  43
 78  34  78  35
 31  28  32  28
 45  42  45  43
 83  24  83  25
 16  12  16  13
 42   4  42   5
 26  14  26  15
 69  26  69  27
 20  20  20  21
 45  29  45  30
 17   4  18   4
 75  30  76  30
 25   5  25   6
 33  15  34  15
 49  13  50  13
 66  34  67  34
 62  30  62  31
 14  37  14  38
 25  43  26  43
 80  30  81  30
 50  19  51  19
 46  32  46  33
 84  15  84  16
 50  40  51  40
 36  36  37  36
 87  15  87  16
 53  27  54  27
 19  42  19  43
 16  33  16  34
 79   0  80   0
 42  32  43  32
 34  11  34  12
 54  31  55  31
 58   2  59   2
 73  13  74  13
 22   6  22   7
  7  32   7  33
 66  16  67  16
 68  41  68  42
 45   9  46   9
 70   4  71   4
 37  33  37  34
 15  21  16  21
 64  41  65  41
 19  22  19  23
 63   5  63   6
 57   9  58   9
 77   8  77   9
 67  37  68  37
 62  35  62  36
 46  16  47  16
 49   1  50   1
 50  33  51  33
  9  35   9  36
 65  29  65  30
 39  23  39  24
 64  31  64  32
 28   4  28   5
 25  22  25  23
 70  30  71  30
 76  32  77  32
 63  10  63  11
 12   5  12   6
 46  36  47  36
 73  12  74  12
 41  41  41  42
 13  36  13  37
 25  20  26  20
 84  11  85  11
 43  22  44  22
 26  32  26  33
 58   7  58   8
 70  39  71  39
  4   8   4   9
 13   9  13  10
 36   3  36   4
 80  29  81  29
 28  19  29  19
 83  40  83  41
 15  39  15  40
 44  20  45  20
 12  41  12  42
 45  11  45  12
  7  29   8  29
 78  39  79  39
 71  25  72  25
  6  16   7  16
 29  37  29  38
 85  27  85  28
 47  16  48  16
  0  23   0  24
 63   9  64   9
 31  37  32  37
 10  39  10  40
 52  12  53  12
 78  31  78  32
 80  40  81  40
 41  42  41  43
 64  35  64  36
 41  11  42  11
 30   8  30   9
 11  14  12  14
 85  14  86  14
 69  43  70  43
 75  19  75  20
 57   1  58   1
 87   5  87   6
 51  40  51  41
 40  11  40  12
 72   3  73   3
 24   6  25   6
 85  33  85  34
 28   5  28   6
  5  36   5  37
 15  43  16  43
 47  28  47  29
 86  31  87  31
 60   4  60   5
 36  42  36  43
 54  19  54  20
 23  36  24  36
 54   0  55   0
 65  38  66  38
 40  21  40  22
 34  38  34  39
  9  20   9  21
 87  21  87  22
 15  37  16  37
 57  38  58  38
 48  19  48  20
 15  28  16  28
 19  17  20  17
 77  13  78  13
 31   2  32   2
 35   9  35  10
 63  24  63  25
 71  22  71  23
 19  11  20  11
 49   1  49   2
 49  21  49  22
 14  34  14  35
 49  22  49  23
 66   9  66  10
 73  15  73  16
 40  24  40  25
 72  40  72  41
 33  23  33  24
 38  34  39  34
 52  41  53  41
  4   8   5   8
  6  27   7  27
 35   0  36   0
 81  15  81  16
 63   2  63   3
 83  41  84  41
 77  32  78  32
 58  25  59  25
 68  28  69  28
 16   7  17   7
  1   8   1   9
 34  15  35  15
 49   6  50   6
 21  36  21  37
 68  36  69  36
 48  39  49  39
 38   5  39   5
 56  39  57  39
 26  13  27  13
 31  34  31  35
 42  37  43  37
 83   8  84   8
  7  28   8  28
 56   3  57   3
 36  12  36  13
  2  15   2  16
 33   3  33   4
 12  13  13  13
 86  34  87  34
  7   2   7   3
  9  12   9  13
 56  41  56  42
 11  15  12  15
 34  43  35  43
 56  25  56  26
 28  12  29  12
 57  34  58  34
 73  34  73  35
 50  28  50  29
 68   4  68   5
 78  13  79  13
 33  19  33  20
 60  39  61  39
 38  27  38  28
 75  35  76  35
 42  15  43  15
 73  35  74  35
 55  26  55  27
 58  30  58  31
 50  14  50  15
 17  15  18  15
 41  30  41  31
 24  12  25  12
  1  32   1  33
 84  19  85  19
 23   5  23   6
 68  38  69  38
 31  22  31  23
  9  27   9  28
 57  32  58  32
 82   3  82   4
 67  19  67  20
 17  36  17  37
 36   9  36  10
 54   4  55   4
 50  34  51  34
 28  18  29  18
 24   7  25   7
 17   5  17   6
 41   4  42   4
 41  31  41  32
  7  21   7  22
 31  21  31  22
 85  40  85  41
  3  17   3  18
 44  36  45  36
 75  41  75  42
 76  23  76  24
 46   5  47   5
 64   0  64   1
  9  31   9  32
 40  13  41  13
 47  42  47  43
 79   1  80   1
 73  10  73  11
 23   4  23   5
 57  22  58  22
 80  39  80  40
  2   5   2   6
 70  13  71  13
 59  42  59  43
 32  20  33  20
 26  11  26  12
  5   4   5   5
 65   5  65   6
 60  37  60  38
  5   1   6   1
 45  23  45  24
 39   7  40   7
 41   9  41  10
 31  26  31  27
 35  23  36  23
  0  18   0  19
 32  23  32  24
 34  25  35  25
 74  42  75  42
  4  17   5  17
 71   8  72   8
 84  25  84  26
  1  26   2  26
 84  31  85  31
 44   8  44   9
 69  20  69  21
 21  18  22  18
 75  17  76  17
 65  21  65  22
 25  27  25  28
 43   2  43   3
 63  30  64  30
 82  35  82  36
 82  12  83  12
 22  25  22  26
 55  16  56  16
  3  32   4  32
 38  20  39  20
 45   7  46   7
 51   7  51   8
 20  15  21  15
 68   3  68   4
 82  22  82  23
  6  32   6  33
 55  22  56  22
  6  20   7  20
 57  17  58  17
  0  26   1  26
 18  11  18  12
 57  20  58  20
 26  34  27  34
 81  38  82  38
 37  40  37  41
 18   0  19   0
 28  34  29  34
 62  29  62  30
 22   1  22   2
 22  23  22  24
 87   6  87   7
 75  26  75  27
 61   6  62   6
 53   3  53   4
 83  21  84  21
  6  36   6  37
 35  39  36  39
 17   0  17   1
  3   6   3   7
 52   2  52   3
 48  18  48  19
 78  42  78  43
 74  19  75  19
 66  36  67  36
 61  36  61  37
 40  13  40  14
 65  30  66  30
 61  34  62  34
 64  26  64  27
 34  27  35  27
 18  42  18  43
 14  12  15  12
 66  12  67  12
 46  13  47  13
  2   0   3   0
 26  19  26  20
 78  21  79  21
 16  43  17  43
  7  26   7  27
 76   6  77   6
 12  34  12  35
 29  27  30  27
  1  39   2  39
 54  34  54  35
 69  20  70  20
 75  16  76  16
 84  12  84  13
 81  33  82  33
 33   7  33   8
 35  19  35  20
 75  14  76  14
  6  30   6  31
 44  28  44  29
 75  29  76  29
 47   0  48   0
 37  20  37  21
  7  31   7  32
 80  30  80  31
 61  10  62  10
 73  20  73  21
 70  14  70  15
  6  40   7  40
  9  10   9  11
  0   0   0   1
 72  34  73  34
  4  23   4  24
  8  12   8  13
 81  15  82  15
 67   9  68   9
 71   9  71  10
 22  18  22  19
 86  20  87  20
 69  36  70  36
 25  19  26  19
 19  20  19  21
 20  14  20  15
  6  39   7  39
 85  12  85  13
 25   7  25   8
 17  19  18  19
 29  34  29  35
 21  33  22  33
 54  41  54  42
 74  10  74  11
  8  13   8  14
  8   0   8   1
 66   4  66   5
 10  14  10  15
 64  41  64  42
 59   2  59   3
 13   6  14   6
 52  39  52  40
  5   8   6   8
 20  42  20  43
  3   3   4   3
 77  30  77  31
 50  16  50  17
  6  29   7  29
 21   2  21   3
 72  37  73  37
 31  33  32  33
 68  13  69  13
 30  19  31  19
 23  27  23  28
 51  20  52  20
 15  41  15  42
 73   8  74   8
 14  15  14  16
 83  23  84  23
 13   0  14   0
 75  29  75  30
 77  18  78  18
 21  35  22  35
 34  23  34  24
  8  26   9  26
 31  27  32  27
 43   5  43   6
 75  19  76  19
 72  18  73  18
 71   3  71   4
 23  19  24  19
 50  36  51  36
 44  21  44  22
 42  42  43  42
 78  24  78  25
 69  38  69  39
 45  37  46  37
 57   4  57   5
 46  29  46  30
 36  39  37  39
 30  14  30  15
 29   8  29   9
 80  20  80  21
  4  21   5  21
 27  27  27  28
 68  42  69  42
 65  14  66  14
 57  36  57  37
 27  38  27  39
 69  36  69  37
 64  39  64  40
 42  24  43  24
 59  43  60  43
  4  42   4  43
 51   5  51   6
  0  10   1  10
 46  22  47  22
  3  16   3  17
 55  11  55  12
 81  41  81  42
 47  10  47  11
 59  35  60  35
 18   2  19   2
 67  23  67  24
  0   6   1   6
 44  40  44  41
 13  14  13  15
 16  40  17  40
 67   6  68   6
 64   5  65   5
 35  18  35  19
 44  11  45  11
  5  32   6  32
 61  26  61  27
 37   7  38   7
 33  15  33  16
 23  20  24  20
 65   4  66   4
 15  16  15  17
  0  11   1  11
