MAZE 24 48
 10  17  10  18
  2  30   3  30
 12  22  12  23
 15  11  16  11
  8  29   9  29
  9  18  10  18
 20  18  20  19
  4   8   5   8
  5  14   6  14
 12  40  13  40
 18   0  19   0
 19  37  19  38
 21  21  22  21
 11  26  11  27
  1  37   1  38
 19  30  20  30
 17  10  18  10
 16   4  17   4
 13  40  13  41
  6  11   7  11
 22  41  22  42
 15  46  15  47
 16  10  16  11
 10  46  11  46
 11  38  12  38
 19   5  20   5
  9   9   9  10
 21  15  22  15
  2  39   2  40
 21  42  22  42
  3  45   3  46
 21  10  22  10
  4  38   5  38
 20  34  21  34
  7  34   8  34
 10   3  11   3
 18   8  18   9
 12  42  13  42
 19  26  19  27
  8  24   9  24
 14  17  14  18
 15  42  15  43
  8  25   8  26
 10   6  10   7
 19  24  20  24
 22   6  22   7
 20  47  21  47
  5  13   5  14
 14  28  15  28
 20  42  21  42
 21  26  21  27
  7  29   7  30
 20  16  20  17
 20  14  21  14
 12  11  12  12
  4  40   5  40
  9  12  10  12
 13  24  14  24
 17  41  17  42
 13  25  13  26
 17  10  17  11
  3   6   4   6
 19  19  20  19
 15  45  15  46
 11  37  11  38
 17   3  18   3
 22   5  22   6
 13  17  13  18
 20  10  20  11
  5  39   6  39
 18   9  18  10
 20  30  21  30
 12  30  13  30
 11   5  12   5
 19  29  20  29
 14  27  14  28
 13  21  13  22
 13   5  14   5
 18   5  18   6
 19   3  19   4
 15  15  16  15
 20   9  20  10
 10  47  11  47
  0  17   1  17
 14  10  15  10
 20  17  20  18
  5   4   6   4
  1  43   2  43
 12  20  12  21
 15  16  15  17
 21  20  22  20
  1  24   2  24
  5  45   6  45
 12  25  13  25
 10  12  11  12
 12   7  12   8
  9   5   9   6
  4  39   5  39
 22  16  23  16
 12  14  13  14
 20  28  21  28
  9  26   9  27
 13  22  13  23
 14  19  15  19
 15  32  16  32
 15  31  16  31
  5  40   5  41
 11  40  11  41
  5  12   5  13
  9  45  10  45
 10  14  11  14
  0  15   1  15
  9   5  10   5
 16  13  17  13
  1  35   1  36
 11   4  12   4
  4  36   4  37
  3  21   4  21
 23  15  23  16
 20  24  20  25
  8  22   8  23
  0  38   0  39
  3   3   3   4
 18  17  18  18
 17   1  18   1
  9   1  10   1
  2  38   2  39
 15  33  15  34
  5  40   6  40
 14  21  15  21
 18  33  19  33
 13   4  14   4
 11   2  11   3
 18  23  18  24
 19  22  19  23
 18   5  19   5
 10   8  11   8
 18  21  19  21
  9  23  10  23
  6   8   7   8
  4   2   5   2
  6  35   6  36
 22   7  22   8
 21  25  21  26
  1  32   2  32
 20  34  20  35
 11  13  12  13
 12  37  12  38
  9  15  10  15
  2  22   2  23
 12   6  13   6
 17  35  17  36
  3  35   3  36
 19   8  19   9
  0  13   1  13
  9  35   9  36
 16  30  17  30
  3   2   4   2
  8  19   8  20
 13  45  13  46
  5  22   5  23
 11  29  12  29
 14  20  14  21
 14   7  15   7
  3  17   4  17
 15  18  16  18
  4  14   5  14
 19  34  20  34
 14  13  15  13
  5   2   6   2
 12  16  13  16
 21  39  21  40
 10  29  11  29
  6  29   6  30
 14  12  14  13
  0  37   0  38
 21  27  21  28
 20   8  21   8
  0  14   1  14
  8  25   9  25
 12  17  13  17
  7   8   8   8
 18   7  19   7
  7  45   8  45
 17   2  18   2
  6   6   7   6
 16  38  16  39
 23  35  23  36
 10  27  11  27
 16   8  17   8
  4  40   4  41
  9  22  10  22
 12  36  13  36
 14  24  15  24
 14  12  15  12
 18  27  19  27
  3  44   4  44
 21  24  22  24
  2   2   2   3
  5   1   6   1
 20  30  20  31
  7  10   8  10
  4  11   5  11
 10  22  10  23
 14  11  15  11
 11  22  12  22
 19  12  19  13
 15   8  16   8
 13  18  13  19
 11   3  12   3
  8  15   9  15
 13  19  13  20
 19   8  20   8
 10  16  11  16
 22  37  22  38
  8  40   8  41
 10   9  11   9
  6  42   7  42
 10  23  10  24
 14  45  14  46
 13  35  13  36
 15  35  16  35
  4  35   5  35
  8  42   9  42
  0   1   0   2
 22  32  22  33
 10  41  10  42
  2  15   2  16
  7  37   7  38
 20  21  20  22
 17  24  17  25
  2  23   2  24
 22  30  22  31
 23  10  23  11
  7  37   8  37
  2  26   2  27
 14  25  15  25
  0  29   1  29
 10  13  11  13
  7   9   7  10
 21  24  21  25
 16  16  17  16
 11  41  12  41
  2   4   2   5
  6  38   6  39
 15  25  16  25
  5  31   6  31
 11   7  12   7
 16   9  17   9
  1   7   2   7
 18  19  18  20
  3  18   3  19
 16  46  17  46
 14  29  14  30
  7   3   8   3
 22   0  22   1
 18  37  19  37
  4  10   4  11
 21  38  21  39
  8  45   9  45
  0   1   1   1
 11  28  11  29
 11  33  11  34
 15  26  15  27
 15   7  15   8
  5  44   5  45
  6  34   6  35
 14   7  14   8
 18  19  19  19
  3  34   4  34
  6  17   7  17
 21  40  21  41
  2  19   3  19
 18  11  18  12
 10   1  10   2
 14  29  15  29
 15  21  16  21
  4  45   4  46
 22  18  22  19
 16  18  16  19
 11  25  12  25
  1   9   2   9
 19   9  19  10
  7  22   8  22
 11  10  12  10
 16  20  16  21
  5  34   6  34
  7   9   8   9
 12  24  13  24
 12   1  13   1
 18   2  19   2
  5  30   5  31
  1   7   1   8
 15   2  16   2
 10  30  11  30
  7  35   8  35
 10   8  10   9
  3   8   4   8
 13  42  13  43
  8  23   8  24
  2  12   3  12
  7  29   8  29
 12  27  12  28
 21   5  22   5
 16   4  16   5
 17  39  17  40
 12  42  12  43
  2   9   2  10
  8  30   8  31
  0  34   0  35
  4  22   5  22
  5  34   5  35
  1  36   1  37
  4  33   4  34
  9   1   9   2
  3   4   4   4
 16  32  16  33
 17  32  18  32
  9  18   9  19
  7  32   8  32
 10  19  10  20
 14  38  15  38
 22  37  23  37
  1  42   1  43
  5   3   6   3
 16  26  16  27
 18  40  18  41
  4  33   5  33
 18  32  19  32
  4  15   4  16
 11  32  11  33
  3  16   4  16
  9  31  10  31
 21   1  21   2
  4  28   5  28
 15  34  16  34
 19  43  19  44
 13  30  14  30
  0  12   0  13
 16  22  17  22
 16  43  16  44
 12  12  12  13
  4  41   4  42
 11  11  12  11
  8  34   8  35
 11  36  12  36
  2  44   3  44
  6  15   6  16
 19  45  20  45
 20  21  21  21
  8  22   9  22
  3  30   4  30
 11  25  11  26
  5  25   5  26
  6  25   6  26
 21  22  21  23
 23   6  23   7
  2  28   3  28
  3  41   3  42
  2  47   3  47
 16  39  16  40
  0  16   0  17
  5  35   5  36
  2  41   2  42
 18  41  19  41
  4  20   4  21
 18  16  18  17
  3  36   3  37
 14  34  15  34
  0  25   0  26
 12  43  13  43
 14  44  14  45
  6  43   7  43
 14   4  14   5
  6   5   6   6
 13  34  13  35
  1  19   2  19
 21  35  21  36
 18  15  19  15
  8  15   8  16
 23  22  23  23
 19  39  19  40
  1   5   1   6
  8   3   9   3
  1  45   1  46
  4  26   4  27
  6  44   6  45
  4  32   5  32
 22  33  23  33
 13  44  14  44
 12  16  12  17
 11   6  12   6
 22  39  23  39
  1  44   1  45
  1  11   1  12
  3  38   3  39
 15  27  16  27
  9  41   9  42
  8   8   9   8
  2  34   2  35
  1  33   1  34
  6   9   6  10
 18  10  18  11
 19  14  19  15
  9  34  10  34
  3  22   3  23
 20  12  20  13
 21  26  22  26
  6  13   7  13
  6  16   7  16
 17  45  18  45
 19  39  20  39
 16  37  17  37
 23  23  23  24
 10  35  10  36
 15  30  15  31
 13  36  13  37
  6  12   7  12
  5  29   6  29
 11  16  11  17
  8  44   9  44
 15  14  16  14
 12   8  13   8
  2  28   2  29
 18  27  18  28
 10  21  11  21
  3  27   3  28
  1  15   2  15
  5  24   5  25
 20   5  21   5
  6   7   7   7
 21   2  21   3
 19  15  19  16
 17  44  17  45
  4  30   5  30
 17  38  18  38
  7  12   7  13
  8  33   9  33
 11  41  11  42
  7   2   8   2
  4  19   5  19
 20  15  21  15
  2  25   2  26
 10  42  11  42
 16  31  17  31
 12  18  13  18
 13  37  14  37
  4  12   5  12
  5  28   6  28
  9  36   9  37
 14  44  15  44
 11  33  12  33
 17   4  17   5
  1  34   1  35
  5  17   6  17
  1  21   1  22
 20  44  20  45
 16  14  16  15
 23  28  23  29
  8   4   8   5
  9  42  10  42
 10  32  10  33
  6   6   6   7
 16  37  16  38
  9  24   9  25
  5  43   6  43
 18  38  19  38
 21  25  22  25
  8  27   9  27
 14  33  15  33
 17  16  17  17
 23  37  23  38
 15  13  15  14
  5  43   5  44
 18  47  19  47
  4  22   4  23
 21  32  21  33
  1   3   1   4
  8   1   8   2
 13  15  13  16
  2  40   3  40
 19  31  20  31
  3  21   3  22
  2  36   3  36
  9  47  10  47
  7  38   7  39
 10  16  10  17
 22   2  23   2
  9  37   9  38
 18  24  19  24
 16  24  16  25
  2   3   2   4
  6  22   7  22
 14   2  14   3
  9  14  10  14
 21  35  22  35
  3  18   4  18
  4  15   5  15
 14  41  15  41
  2  13   3  13
 17  18  17  19
 13  14  14  14
  8   6   9   6
 17  14  17  15
 20  32  21  32
  2   3   3   3
 17  17  17  18
  2  14   3  14
 22   5  23   5
  4  43   5  43
  6  41   6  42
 11  35  11  36
  6  19   7  19
  5  17   5  18
  9  17   9  18
 17   7  18   7
  9   3  10   3
  4  16   4  17
 19  36  20  36
 12   2  13   2
  8   1   9   1
  3  19   3  20
  5   2   5   3
  5  37   6  37
  8  32   9  32
 20  38  20  39
  3  42   3  43
 13  46  13  47
 14   1  14   2
  2  42   2  43
 13   6  13   7
 14   3  15   3
 23   3  23   4
  4   6   5   6
 23  46  23  47
 18  44  19  44
  8  39   8  40
 15  38  16  38
  4  21   4  22
  7  24   7  25
  3   2   3   3
 17   0  17   1
 11  44  12  44
 12  36  12  37
 11  20  11  21
 17  46  17  47
  6  23   7  23
  9  40  10  40
  1  42   2  42
 10  26  11  26
  3  13   4  13
  7  27   7  28
  4   6   4   7
 22  29  22  30
 16  29  17  29
  8  43   8  44
  0  41   0  42
 10  44  11  44
 19  43  20  43
 10  36  10  37
  1  10   1  11
  8  12   9  12
 17  15  17  16
 12   0  12   1
 15  46  16  46
 18  45  18  46
 23   7  23   8
 18  39  19  39
  8   0   8   1
 15  28  15  29
  8  20   8  21
 21  36  22  36
 21  45  22  45
 18  25  19  25
 23  38  23  39
 15  27  15  28
 15  12  15  13
  5  23   6  23
  7   4   8   4
 11  10  11  11
  9  40   9  41
  2  20   2  21
 22  26  23  26
  0  23   0  24
 15  47  16  47
  1  16   2  16
  0  18   0  19
  6   8   6   9
 16  41  17  41
 20  15  20  16
 15   6  16   6
  9  11  10  11
  0  33   1  33
 14  37  15  37
 22  28  22  29
  4  45   5  45
  1  11   2  11
 14   6  15   6
 17  44  18  44
  1   8   2   8
 17  20  17  21
 20  32  20  33
 16  40  16  41
 18  45  19  45
 22  30  23  30
  9   8  10   8
 21  17  22  17
 10  38  11  38
 22  27  23  27
  4  31   4  32
  1  22   2  22
  0   8   1   8
 14   4  15   4
 23  40  23  41
  7  26   7  27
  5  42   6  42
  4  19   4  20
 18  29  18  30
 19  11  19  12
 19  14  20  14
 10  43  11  43
 21  12  21  13
 16  18  17  18
 15   9  15  10
  6  18   7  18
 20  44  21  44
  4   0   4   1
  4  47   5  47
 21  13  21  14
 16  42  17  42
  4  29   4  30
 18  36  19  36
  4   3   5   3
 19   0  19   1
  0  39   1  39
  1   1   2   1
  7   4   7   5
 13  33  14  33
  8  31   9  31
  3  46   4  46
 17  21  18  21
 13  17  14  17
 16  36  17  36
 20   1  21   1
  8  41   8  42
 10   5  11   5
 11  36  11  37
 13  39  14  39
  6  14   6  15
  0   5   1   5
 11   1  12   1
  4  23   4  24
 16   8  16   9
  8  26   8  27
  7  21   7  22
  4  18   5  18
 18  18  18  19
  4   8   4   9
  4  12   4  13
  3   1   3   2
  6  33   7  33
 22  34  23  34
  0  43   1  43
 19  34  19  35
  8  36   8  37
  2  33   3  33
 13  31  14  31
 21  27  22  27
 17  37  18  37
  1   6   2   6
 15  41  15  42
  5  22   6  22
 13  27  13  28
  5  32   6  32
  4  28   4  29
 15  19  15  20
 13  26  13  27
  1  23   2  23
  8  13   9  13
  4  42   4  43
  3  15   3  16
  8  27   8  28
  8  14   8  15
  4  27   5  27
 19  27  20  27
  6  20   7  20
 20  38  21  38
  7   5   7   6
 20  35  20  36
  7  20   7  21
 11  34  11  35
 23  26  23  27
 16  39  17  39
 22  22  23  22
 16  35  16  36
  2   1   3   1
  0  19   0  20
  0   6   0   7
 18  29  19  29
  7  30   7  31
  7  18   8  18
 22  40  22  41
 12  19  13  19
 15   1  16   1
  5  10   6  10
 22  11  22  12
  3  25   3  26
 16   1  17   1
 15  35  15  36
 13   9  14   9
 14  25  14  26
 23  32  23  33
  9  13   9  14
 14  10  14  11
 18  31  19  31
 18  21  18  22
 21  40  22  40
 13  42  14  42
 13  20  13  21
  0   9   0  10
 19  12  20  12
  2  40   2  41
  0  24   0  25
 22  19  23  19
  3   7   3   8
 15  44  16  44
  4  23   5  23
 11  43  11  44
 13  44  13  45
 19  17  20  17
  5  46   5  47
 19  46  19  47
  9  20  10  20
 21  45  21  46
 22  33  22  34
 22  27  22  28
  7  40   7  41
  2   1   2   2
  6  36   6  37
  6  47   7  47
  0  46   0  47
 16  28  17  28
 22  22  22  23
  6  32   6  33
 22  25  23  25
  7   8   7   9
  1  46   2  46
 12  21  12  22
  3  29   3  30
 22  14  22  15
  6  40   7  40
 17  34  18  34
  4  10   5  10
  6  19   6  20
 16  40  17  40
 11  31  11  32
  2   8   2   9
 18  34  19  34
  2  36   2  37
 22  42  22  43
 16  23  16  24
 10  31  11  31
 18   4  18   5
  6   0   6   1
 12  47  13  47
 22   9  22  10
 12  21  13  21
 16  12  16  13
 11  35  12  35
 16   9  16  10
  7  46   7  47
 21  19  21  20
  0   2   1   2
 14  18  14  19
  1  14   2  14
 14  34  14  35
 11   0  12   0
  7  36   7  37
 12   2  12   3
  7  17   7  18
 13  43  13  44
  5  29   5  30
 10   1  11   1
 18  13  18  14
 23  11  23  12
  2  19   2  20
  4  24   4  25
  4  38   4  39
  3   7   4   7
 18  13  19  13
  5  19   6  19
 19  10  20  10
  7  14   8  14
  6  26   7  26
 12   8  12   9
 12  35  13  35
 22   3  22   4
 12   3  12   4
  0  35   1  35
 17   2  17   3
 10   4  10   5
 23  44  23  45
 11  46  12  46
 14  39  15  39
 16  45  16  46
  9  27   9  28
  0  21   0  22
 12  15  12  16
 20  25  20  26
 15  30  16  30
  9  32   9  33
 12  32  12  33
 15  22  15  23
 13  11  14  11
 16  43  17  43
 15  22  16  22
 10  20  11  20
 10  21  10  22
 15   4  16   4
  1  25   2  25
 21   8  21   9
 12  10  12  11
 20  31  20  32
  0   7   1   7
  6  30   6  31
  1  30   1  31
  4  31   5  31
  3  12   3  13
 21  19  22  19
 20  11  21  11
 10  24  10  25
 10  34  10  35
 22   8  23   8
 22  17  22  18
 19   2  20   2
 14   8  15   8
 17  28  17  29
  2  37   3  37
 13   2  14   2
  4  35   4  36
 16  19  17  19
  5  18   6  18
 10   6  11   6
 19  42  19  43
  0  11   0  12
 15   4  15   5
 23  20  23  21
 22   9  23   9
 16  23  17  23
 12  38  13  38
  8  16   8  17
 17  22  18  22
 21   4  21   5
  1  27   1  28
  2   6   2   7
  7   7   8   7
  5  27   5  28
  1  28   2  28
 15  37  16  37
 12  29  13  29
 19   3  20   3
 18  28  19  28
 15  19  16  19
 18  37  18  38
 14  31  14  32
 21   3  21   4
  3  16   3  17
  3  32   3  33
 15   6  15   7
  8  12   8  13
  9   2  10   2
 20  35  21  35
 21  43  21  44
  8  11   9  11
  0  30   1  30
 20   6  21   6
 10   7  11   7
  6   1   7   1
 12  46  12  47
  4   5   5   5
  7  19   8  19
 13  28  13  29
 13  40  14  40
  9  28  10  28
 20  22  21  22
 19   2  19   3
 13   0  14   0
 10  19  11  19
 19  45  19  46
 20  41  20  42
 21  46  22  46
 10  38  10  39
  1  46   1  47
  7  16   8  16
 12  39  12  40
  8  31   8  32
 19  19  19  20
 20  19  20  20
 22  12  22  13
 22  12  23  12
  6  34   7  34
 10  39  10  40
  7  39   7  40
 23  14  23  15
 10  44  10  45
 21   8  22   8
 17  45  17  46
  2   7   3   7
  7  41   7  42
 12   9  12  10
 17  42  17  43
 23  13  23  14
 11  19  11  20
  3  37   4  37
 19   6  20   6
 17  28  18  28
 14  16  14  17
 23  30  23  31
  3  33   3  34
  3  14   3  15
  8  38   9  38
  2  13   2  14
 14  33  14  34
  9  29  10  29
 19  40  20  40
  8  38   8  39
  8  28   9  28
 22   1  23   1
 13  13  13  14
 17   6  17   7
 14  15  15  15
 15   2  15   3
  8  13   8  14
  6  28   6  29
 10  25  11  25
  5  21   6  21
  4  39   4  40
 23  43  23  44
  1   5   2   5
  4  46   4  47
 18  12  18  13
 22  32  23  32
  8  46   8  47
  0  32   1  32
 19  16  19  17
 20  36  21  36
 17  25  18  25
  1  13   2  13
  5  27   6  27
  1  29   2  29
  0  22   1  22
 10  26  10  27
  6  25   7  25
 21   4  22   4
 14  24  14  25
  6   3   7   3
 17  26  18  26
 17  31  17  32
  4   4   5   4
 11  23  12  23
 22  44  22  45
 18  17  19  17
 17  30  17  31
 12  18  12  19
  3  24   4  24
  3  27   4  27
  5  20   6  20
 23   2  23   3
 18   4  19   4
 13  10  14  10
  0  31   1  31
  3  11   3  12
 18   6  19   6
 13  38  13  39
 11  12  12  12
  8  46   9  46
  3  17   3  18
 12  14  12  15
 19  20  20  20
  3   9   3  10
  2  44   2  45
  1  20   2  20
  3  43   4  43
  0  26   1  26
  9   3   9   4
 15  40  15  41
 20   3  21   3
  0  21   1  21
 14  23  15  23
 14  37  14  38
 17  33  17  34
 12  32  13  32
 18  32  18  33
 17   0  18   0
 16  27  17  27
 17  22  17  23
 19   4  20   4
  8  44   8  45
 12  30  12  31
  0  44   1  44
  1  39   2  39
 22  43  23  43
 13   1  14   1
 16  12  17  12
 14  42  15  42
 20  20  21  20
  8  19   9  19
 21  32  22  32
 17  23  18  23
  7  11   8  11
 18  26  18  27
  1  30   2  30
 22  45  22  46
 10   0  11   0
 19  22  20  22
  9  44  10  44
  6  31   6  32
  0  27   0  28
  8  34   9  34
  8  10   8  11
  8  10   9  10
  0  42   1  42
 16   5  17   5
 21  11  21  12
  7  16   7  17
 11  30  12  30
 21  18  22  18
 19   7  19   8
 10  12  10  13
  2   5   2   6
  3   1   4   1
  9   8   9   9
  9  25  10  25
  7  38   8  38
 12  41  13  41
 20   0  21   0
 16   7  17   7
  1  40   1  41
 17  34  17  35
 14  14  14  15
 15  29  16  29
 11  42  12  42
 16  44  16  45
 16  25  17  25
 21  41  21  42
 19  13  20  13
 12   9  13   9
  8  42   8  43
 10  14  10  15
 11   7  11   8
  5  11   5  12
  5   7   6   7
 11  32  12  32
 14   0  14   1
 13  27  14  27
  1  17   2  17
  2  27   3  27
 16  34  16  35
 17  40  17  41
  1  31   2  31
 17  11  17  12
 13   6  14   6
  6  46   7  46
 14  26  15  26
 12   4  13   4
  2  11   3  11
  2  32   3  32
  2   0   3   0
 15  15  15  16
  6  27   6  28
 21  34  22  34
  9  22   9  23
  8  41   9  41
 11  18  12  18
 10  30  10  31
 18  40  19  40
  2  24   3  24
  7  21   8  21
 21  23  21  24
 12  33  12  34
  7   2   7   3
