MAZE 72 36
 11  14  12  14
 13  29  13  30
 19   7  19   8
 47  33  47  34
 51  26  51  27
 39   4  40   4
 22  17  23  17
 61  18  61  19
 40   5  41   5
 41  27  41  28
  7  25   8  25
 64  27  65  27
 47  34  47  35
 33  18  34  18
 24   3  25   3
 35  11  36  11
 67  11  68  11
 53   5  53   6
 12   8  13   8
 68   6  68   7
 18  25  18  26
 19  17  19  18
 45  32  45  33
 25  19  26  19
 46  34  46  35
 17  29  18  29
 15   9  15  10
 29  21  29  22
 45  23  46  23
 22  35  23  35
 23  17  24  17
 57  20  58  20
 28  28  29  28
  6  24   7  24
 10  34  10  35
 12  28  13  28
 33  11  34  11
 39   0  39   1
 35   5  35   6
 34  34  35  34
 40  31  41  31
 20  19  21  19
 18  29  18  30
 64  23  65  23
 43   7  43   8
 10  23  11  23
  2  28   3  28
 47  17  48  17
  3  30   4  30
 68  33  68  34
 31  31  31  32
 11  16  12  16
 57  22  58  22
 60   9  61   9
  0  14   1  14
 20   0  21   0
 53   2  53   3
 54  11  55  11
 64  18  65  18
 70   0  70   1
  6  18   6  19
 19  28  20  28
  5  23   5  24
 23   3  24   3
 62  15  62  16
 59  25  60  25
 61   3  62   3
 27  17  28  17
 30  29  31  29
 55  34  56  34
 69  15  69  16
 33  11  33  12
 61  20  62  20
 48  26  49  26
 25  31  25  32
 54   2  54   3
 63  23  64  23
 38  31  38  32
 66   1  66   2
 12  26  13  26
 32  14  33  14
 42  17  43  17
 34   3  35   3
 13   8  14   8
 65   7  66   7
 15   1  16   1
 47  28  48  28
 68  12  68  13
 16  16  16  17
 50  10  51  10
 14   8  14   9
 13  18  13  19
 53  22  53  23
 23  26  23  27
  3   2   4   2
 65   1  65   2
 26  25  26  26
 31  13  31  14
 60   2  60   3
 59  35  60  35
 59  10  59  11
 47  16  48  16
  4  30   4  31
 28   4  29   4
 54  17  54  18
 19  31  19  32
  2   5   3   5
 24   2  24   3
 20   5  21   5
 47   9  47  10
 37  22  37  23
  5  30   6  30
 52  27  52  28
  9  25   9  26
 29   2  30   2
 52   5  52   6
 48   8  48   9
 61   1  61   2
 39   7  40   7
 15   3  16   3
  7  35   8  35
 51  10  52  10
 25  24  26  24
  3   4   4   4
 60   2  61   2
 48   7  48   8
 14  17  15  17
 18  14  19  14
 55  17  55  18
 56  16  57  16
 58  18  58  19
 43  18  43  19
 22   2  23   2
 37   9  38   9
 38  20  38  21
 66   0  66   1
 43   7  44   7
 47  26  48  26
 41  10  42  10
 39  11  40  11
 10   9  11   9
 23  16  23  17
 47  30  48  30
 48  13  48  14
 70   4  70   5
 52  20  52  21
 35  23  36  23
 11  11  11  12
 50  12  51  12
 15  27  15  28
 19   5  19   6
 16   5  16   6
 70   3  70   4
 60  16  61  16
 70   4  71   4
 28  19  29  19
 10   7  11   7
 19  21  20  21
 22  19  22  20
 70  29  71  29
  2   7   2   8
 13  28  14  28
 52   7  53   7
 48  10  49  10
 63   8  64   8
 58  11  58  12
 46  13  46  14
 41  10  41  11
 29  30  30  30
  0   4   1   4
  2   0   3   0
  2  17   2  18
 55   3  55   4
 65  25  65  26
 13   5  14   5
  2  12   2  13
 17   5  17   6
 23  27  24  27
 12  32  12  33
 67   8  68   8
  9  27   9  28
 41  14  41  15
  9  28  10  28
 11  29  12  29
 49   4  49   5
  7  34   7  35
 56  33  57  33
  6  33   7  33
  9  13   9  14
 66   7  67   7
 27  12  28  12
 21  15  22  15
 67   7  67   8
 68  32  68  33
 35  33  36  33
 15   7  15   8
 34   0  34   1
 50  13  51  13
 15  26  15  27
 49   6  50   6
 31  12  32  12
 51   6  52   6
 30   8  30   9
 64  30  64  31
 10  26  10  27
 49  10  50  10
 12  25  12  26
 36   2  37   2
 23  29  23  30
 58  25  58  26
 34  13  34  14
 46   1  47   1
 68   4  69   4
 46  32  47  32
 33   3  33   4
  5  23   6  23
 43   8  43   9
 60  28  60  29
 39  20  40  20
  3   1   4   1
  3   7   4   7
  4  21   5  21
 66  30  66  31
 12  29  13  29
 27  33  27  34
 69  32  70  32
 11  19  12  19
 57   5  58   5
 23  25  24  25
 16  33  16  34
 56   9  57   9
 54  23  55  23
 63   8  63   9
  9  26   9  27
 48  22  48  23
 70  16  71  16
 71   2  71   3
 47  30  47  31
 61  10  62  10
 58   4  59   4
 63  21  64  21
 39  27  40  27
 25  16  25  17
 19  26  19  27
 54  30  54  31
 65   0  65   1
 58   9  58  10
 38  10  39  10
 45   1  46   1
  9  23   9  24
  9  15  10  15
 24  35  25  35
 29  17  29  18
 31  23  32  23
 69  16  69  17
 39   4  39   5
 58  26  58  27
 56  16  56  17
 27  21  28  21
 69   7  70   7
 63  19  64  19
  8  16   9  16
 48  23  48  24
 57   5  57   6
 30  34  31  34
  1  30   2  30
  1   4   2   4
 62  31  62  32
 11   2  11   3
 28   5  29   5
 30  16  30  17
 46  29  47  29
 36  30  37  30
  4  26   5  26
  1  12   1  13
 27  22  27  23
 10  11  10  12
 33  14  33  15
 58   0  59   0
 37   1  37   2
 55   6  56   6
 35   4  35   5
 51  12  52  12
 54  31  54  32
 36  20  36  21
 24  11  25  11
 49  12  50  12
 53   1  54   1
 46  22  47  22
  7   2   8   2
  9   8   9   9
 63  11  64  11
  9  10   9  11
 62  11  62  12
  5  20   5  21
 62  22  63  22
  0  18   1  18
 20  26  20  27
 60  18  61  18
 59  30  59  31
 59  17  59  18
  3  16   3  17
 24  10  24  11
 43   4  43   5
 27   9  28   9
 25   6  25   7
 15  17  16  17
 48  29  48  30
  2  29   2  30
 43  32  44  32
 22  24  22  25
 22  15  22  16
 23  13  23  14
 61   6  61   7
 40  22  40  23
 23  12  23  13
 53  33  53  34
  2  23   3  23
 15  14  15  15
  4  17   4  18
 13  30  13  31
 25  25  25  26
 40  29  41  29
  9  14   9  15
 27  32  27  33
 59  13  59  14
 51  15  51  16
 11  10  11  11
 25  14  25  15
 15  23  15  24
 23  16  24  16
 69   1  69   2
  4  16   5  16
 11  26  12  26
  8  18   9  18
 51  15  52  15
 69  14  69  15
 35   2  36   2
  4  20   4  21
 39   6  40   6
 53  16  54  16
 60   9  60  10
  5   6   6   6
 31   5  32   5
  9  28   9  29
 31  34  32  34
 62  26  63  26
 17  22  18  22
 47  23  48  23
 52   7  52   8
 57   4  57   5
 28  25  28  26
 55  31  55  32
 43  14  44  14
 63  25  63  26
 14   4  15   4
 41  20  41  21
 31  18  31  19
  2  22   2  23
  3  24   3  25
  7   9   8   9
 25  12  25  13
 50  18  51  18
 33  28  33  29
 31   1  32   1
 66  32  67  32
 55   6  55   7
 56  18  56  19
 33   0  34   0
 66  12  66  13
 29  16  29  17
 64  12  65  12
 27   3  27   4
 23  31  23  32
 60  25  61  25
 19  29  19  30
 55  28  55  29
  3   3   3   4
 24  27  24  28
 37  32  37  33
 25  20  26  20
 47  25  48  25
 47  32  47  33
 14  20  15  20
 56  30  56  31
 69   5  70   5
 56   6  56   7
  1   5   1   6
 41   6  42   6
 70  15  71  15
 54  21  55  21
 36   7  36   8
 19  24  20  24
 31   6  31   7
  8  33   8  34
 70  32  70  33
 12   1  13   1
 18   1  18   2
 22  22  23  22
 41  24  41  25
 50  33  51  33
 45  18  45  19
 66   9  66  10
 13   1  14   1
 42  21  42  22
 57  24  57  25
 52  15  52  16
  6   7   7   7
 37  29  38  29
 19   9  19  10
 59  18  60  18
 28   6  29   6
 36  10  37  10
 21  11  22  11
 51  17  51  18
 34  20  34  21
 14  17  14  18
 10  31  11  31
 61  17  62  17
 44  28  45  28
 21  28  22  28
 48  31  49  31
 28  10  28  11
 22  30  23  30
 52  31  53  31
 56  34  57  34
 18  34  19  34
 29  18  29  19
 12  23  12  24
 17  34  17  35
 20  28  20  29
 39  33  39  34
 17  12  17  13
 26  26  26  27
 56   8  57   8
  3  12   4  12
 21  17  22  17
  1   0   2   0
 60  11  61  11
 54   9  55   9
 22   0  23   0
 61  22  61  23
 21  28  21  29
 67  28  67  29
 45  19  45  20
  8   6   8   7
 22  32  23  32
 50  27  50  28
 35  19  36  19
 42  16  43  16
 69   9  69  10
 68   3  69   3
 58   2  59   2
 27  30  27  31
 55  12  56  12
 38  10  38  11
 11  17  11  18
 40   2  40   3
 42  14  42  15
 42   3  42   4
 65  15  66  15
  3  23   3  24
 47  20  47  21
 69  22  69  23
 17  13  17  14
 39  19  39  20
 26  28  27  28
  6   7   6   8
 36   6  36   7
 19  16  19  17
 51  29  51  30
 42  25  43  25
 48  28  48  29
 61   1  62   1
 62  17  63  17
 18  21  18  22
 70  34  71  34
 18   4  19   4
 43   5  43   6
 39   5  39   6
 21   6  21   7
 37  26  38  26
 66  24  66  25
 42   2  42   3
 29  11  30  11
 29  26  29  27
 55  32  55  33
 45  12  45  13
 24  31  24  32
 19  32  20  32
 17   8  18   8
 18   0  18   1
 62   3  62   4
 34   9  35   9
 63  32  64  32
 65   5  65   6
 30  18  30  19
 15  26  16  26
 64   3  65   3
 33   7  34   7
  5  21   6  21
 54  25  55  25
 13  19  13  20
  2  15   2  16
 34  27  34  28
 33  23  34  23
 61  22  62  22
 62  33  63  33
 60   3  60   4
 14  30  15  30
 23  15  23  16
 70  30  71  30
 21  25  22  25
 51  24  51  25
 63  10  64  10
 43  16  44  16
 32   4  32   5
 51  28  51  29
 56  24  57  24
 69   3  69   4
 28  10  29  10
 59  21  59  22
  6  15   6  16
 68   7  68   8
 17  33  18  33
 10  33  10  34
 24  26  25  26
  9  21  10  21
 37   9  37  10
 17  11  17  12
 66  10  67  10
  3  13   4  13
 26  32  26  33
 11   0  11   1
 66  18  66  19
  2  20   3  20
 51  12  51  13
  6  17   7  17
 34  12  35  12
 22  28  22  29
  4   3   5   3
  7  23   8  23
 51  22  51  23
 30   0  30   1
 43  17  43  18
 62   7  63   7
 55  28  56  28
 65  32  66  32
 10   9  10  10
 31  27  31  28
 26  11  26  12
 69  33  70  33
 13   4  13   5
 57  29  57  30
  2  10   3  10
 11  16  11  17
 39   0  40   0
 45  11  45  12
 36   5  37   5
 68  16  68  17
 40   3  41   3
 21  30  21  31
 55  13  55  14
 52  28  53  28
 10  27  10  28
  3  16   4  16
 37  10  37  11
 68   0  69   0
 28  14  28  15
 24   8  25   8
 53   6  54   6
 59  26  59  27
 30  17  30  18
 46   2  46   3
 54   1  55   1
 42   0  43   0
 58   8  59   8
 16  27  17  27
  8   9   9   9
 54   5  55   5
 16  35  17  35
 55   1  56   1
 66  33  66  34
 57  14  57  15
 19  23  20  23
 64  19  65  19
 52  12  53  12
 15   5  15   6
 19   1  20   1
 24  33  24  34
 48  25  49  25
 65  16  66  16
 12   3  12   4
 60  27  61  27
 50   1  51   1
 13  28  13  29
 59   8  59   9
 51   3  52   3
 13  15  13  16
  1   2   1   3
 26   6  27   6
 54  16  55  16
 16   6  16   7
 38  28  39  28
 61  27  62  27
 26  25  27  25
 38   9  39   9
 52  24  53  24
 58  16  59  16
 28   6  28   7
 68  19  69  19
 38  24  39  24
 17  18  18  18
 57   2  57   3
 65  32  65  33
 43  15  44  15
 66   5  67   5
 32  26  32  27
 12  24  12  25
 46  15  46  16
 35  14  36  14
 28  34  28  35
 45   6  45   7
  3   0   4   0
 14   2  15   2
 20  15  20  16
 62  20  63  20
 60   1  60   2
 10  35  11  35
 58   3  58   4
 26  10  26  11
 45  12  46  12
 20   3  21   3
 17  22  17  23
 68   0  68   1
  4   4   5   4
 50  16  50  17
 12   6  12   7
  3  18   4  18
 37  23  37  24
  7   8   8   8
 46  14  46  15
 49  30  49  31
 41  32  42  32
 40  18  41  18
 40  14  41  14
 62   3  63   3
 23   6  24   6
 10   6  11   6
 52  14  53  14
 11  10  12  10
 59  11  60  11
 31  26  32  26
  0  12   0  13
 19   4  19   5
 24   0  25   0
 26   9  26  10
 44  14  44  15
 40  12  40  13
 38   3  38   4
 20  35  21  35
 69  28  69  29
 47   5  48   5
  8  22   8  23
 60  23  61  23
 23  28  23  29
  8  10   9  10
 13   2  13   3
 60  14  60  15
 53   9  54   9
 55  19  55  20
 67   6  67   7
 11   8  12   8
 35  16  36  16
 48   3  48   4
  4  34   5  34
 42  29  42  30
 47  24  48  24
 29  30  29  31
 37  19  38  19
 48   9  49   9
  5   6   5   7
 57  28  58  28
 21  33  22  33
 43  26  43  27
 20   9  21   9
 46  17  47  17
 57  32  58  32
 21   6  22   6
 71  24  71  25
 44  31  44  32
 36   8  36   9
 64  15  65  15
 18   7  19   7
 40  10  41  10
  1  10   2  10
 22  22  22  23
  1  31   2  31
  8   7   9   7
  8  35   9  35
 61   9  61  10
 52  16  53  16
 28   3  29   3
 33  27  33  28
 69  29  69  30
 40  19  41  19
 26  18  27  18
 51   9  52   9
  6  15   7  15
  9  16  10  16
 15  32  15  33
 35  24  36  24
 48   6  49   6
 31  27  32  27
 69   2  70   2
 59  32  59  33
 31   4  32   4
 38  27  39  27
 42  27  42  28
  6  14   7  14
 16  34  17  34
 20  30  21  30
 45  28  45  29
  4   7   4   8
 31  20  32  20
 17  14  17  15
 29   1  30   1
  6   3   7   3
 23  30  24  30
 60   4  61   4
 67  28  68  28
 22  25  23  25
 58  31  59  31
  7   1   7   2
 60  14  61  14
 42  27  43  27
 32  21  32  22
  2  32   3  32
 17  28  18  28
 24  32  24  33
 63   1  64   1
 58   7  58   8
 13  19  14  19
 65  16  65  17
 64   8  64   9
 23   0  24   0
  0   3   1   3
 14  18  14  19
 23   6  23   7
 60  33  61  33
  4   9   5   9
 38  18  38  19
 28   1  28   2
 53  30  54  30
 43  10  44  10
  2   9   3   9
 33  20  33  21
 62   4  63   4
 58   5  59   5
 11   5  12   5
 17  31  18  31
 12  35  13  35
 53   8  54   8
 59  20  59  21
 39  30  40  30
 11  23  11  24
 19  20  20  20
 46  11  47  11
 56  17  56  18
 37  34  38  34
 62   8  62   9
 63  27  64  27
 32  31  33  31
 66  16  67  16
 23   5  23   6
 32   1  32   2
 43  22  44  22
 29  20  30  20
 21  22  21  23
 42  28  42  29
 65  24  65  25
 11   7  12   7
 53  21  54  21
 30  12  30  13
 45  22  46  22
 53  14  53  15
 27  21  27  22
 36   3  36   4
 57  23  57  24
 45  14  45  15
 26  34  26  35
 37  11  37  12
 31   8  31   9
 28  27  28  28
 37  17  38  17
 20  23  21  23
 12  16  13  16
  8  29   8  30
  5  11   6  11
 17  23  17  24
 51   6  51   7
 66  11  67  11
  3  22   4  22
 31  32  31  33
 46  31  46  32
 47   7  48   7
 43   4  44   4
 26  12  27  12
 38  22  38  23
 30  33  31  33
 31  11  31  12
 15  23  16  23
 12  34  12  35
 29  15  30  15
 39   7  39   8
 15   0  15   1
 26   2  26   3
 66  18  67  18
 21  13  21  14
 60  30  60  31
  8  15   9  15
 52  26  53  26
  8  22   9  22
 29  14  30  14
 65   3  65   4
 42  31  43  31
 19  26  20  26
 20   2  21   2
 37  17  37  18
 29  23  29  24
 39  23  39  24
 65   5  66   5
 32  33  32  34
  2   6   2   7
  4  12   4  13
 55  14  56  14
 66  12  67  12
 14  23  15  23
 61  34  62  34
 62  18  63  18
 63   7  63   8
 66  26  66  27
 39  12  40  12
 59  29  59  30
 45  34  45  35
 32  14  32  15
  4  15   4  16
 45   3  46   3
  2  13   3  13
 28   1  29   1
 26   7  26   8
 63  22  63  23
 64   6  65   6
 45  15  45  16
 46  15  47  15
 55  21  56  21
 48   6  48   7
 66  31  67  31
 66  21  67  21
  1  18   1  19
 54  26  55  26
 16  13  17  13
 30  15  31  15
 30  26  31  26
 59  28  59  29
 30   1  30   2
 18   6  19   6
 34   7  35   7
 11   0  12   0
 13   7  13   8
  1  26   1  27
  4  29   5  29
 29  27  29  28
 19  14  20  14
 24  17  25  17
 27  17  27  18
  5  28   6  28
 55  15  55  16
 65  19  66  19
 65  21  65  22
 27  29  28  29
  4  23   5  23
 55  26  55  27
 35  29  35  30
 37  15  38  15
 52   1  52   2
 40  15  41  15
 56  25  56  26
 32  30  32  31
 46   6  47   6
 11   9  11  10
 16  25  17  25
  9   6  10   6
 28  30  29  30
 32  23  33  23
 15  30  15  31
 25  33  25  34
  2  25   2  26
 55  25  56  25
  1  34   2  34
 65  20  66  20
 37  28  38  28
 20  15  21  15
 53  10  53  11
 17  32  17  33
  7  33   8  33
 38  25  39  25
 36  23  36  24
  0  15   0  16
 10  11  11  11
 68  25  69  25
 58  22  59  22
 12  32  13  32
 69  11  69  12
 16   8  17   8
 51  34  52  34
  1   1   2   1
 16   4  16   5
 64  27  64  28
  1  14   1  15
 41  11  42  11
 63  31  63  32
  1  18   2  18
  6  12   7  12
 63  32  63  33
 50  22  50  23
 46  19  46  20
 21  11  21  12
 53  27  54  27
 36  24  36  25
 51  21  51  22
 36   0  37   0
 33   1  34   1
 10   4  10   5
 42  21  43  21
 16  18  17  18
 70  19  70  20
  1   6   2   6
 44  26  45  26
 46   9  46  10
 26   7  27   7
  0   1   1   1
 25  29  25  30
 37  33  37  34
 15  29  15  30
  2   7   3   7
 33   7  33   8
 68  30  69  30
 50   8  51   8
 30  11  30  12
 34   8  35   8
 16  21  17  21
 18   7  18   8
 30  20  31  20
 47  12  48  12
 31   9  31  10
 43  11  44  11
 70  24  70  25
 36   9  37   9
 27  19  27  20
 59  34  59  35
 44   1  45   1
  1   4   1   5
 35  13  36  13
 42  19  43  19
 57   9  57  10
 36   8  37   8
 42  12  43  12
 30   6  31   6
 47  19  47  20
  0   5   1   5
 42  26  43  26
 17   3  17   4
 66  32  66  33
 42  23  43  23
 58  13  58  14
 69  11  70  11
 26  17  27  17
 63  12  63  13
  9   7   9   8
 21   3  22   3
 13  31  14  31
 32  10  32  11
 52   2  53   2
 45  30  45  31
  1   8   1   9
 49   9  50   9
 13  33  13  34
 46   8  47   8
 39  28  39  29
 67  27  67  28
 11  27  11  28
 18  33  19  33
  5  17   6  17
  9  17   9  18
 22   8  22   9
 31  21  32  21
 15  10  15  11
 69   3  70   3
 34  31  34  32
 46  24  46  25
 15  28  15  29
 67  30  68  30
  4  15   5  15
 25   2  25   3
 36  33  37  33
 16  10  16  11
 39  19  40  19
 23  19  24  19
 70  30  70  31
 32  26  33  26
  9  24  10  24
 16   1  17   1
 54  27  54  28
 57  10  57  11
 25   3  26   3
 61   7  61   8
 56  28  56  29
 28   8  29   8
 58   3  59   3
 33  16  33  17
 53  18  54  18
 50  21  51  21
 50  15  51  15
 33  32  33  33
 62  15  63  15
 15  18  15  19
 42   2  43   2
 12  22  13  22
 34  15  35  15
 70   8  70   9
  8   2   8   3
  3  34   4  34
 25  32  25  33
 50  10  50  11
  7  32   8  32
  6  29   7  29
 37   5  37   6
 32   9  33   9
  1  24   2  24
  4  30   5  30
 40   8  40   9
 24  29  25  29
 26  12  26  13
 65   7  65   8
 64   6  64   7
 18  20  18  21
 64  10  65  10
 68  15  68  16
 21  16  22  16
 30  30  30  31
 34  29  34  30
 44  29  45  29
  1  20   1  21
 45  10  45  11
  0  24   1  24
 41  15  42  15
 64   9  64  10
 37  12  37  13
  3   7   3   8
 36  12  36  13
 12  15  13  15
 42  16  42  17
 27  14  28  14
 33   2  34   2
 41  26  42  26
 64   0  65   0
 58  19  59  19
 21  33  21  34
 51  25  51  26
 37  13  38  13
  7  15   8  15
  4   8   4   9
 26  29  26  30
 20  14  21  14
 31  30  31  31
 63  14  64  14
 58  29  59  29
  0   7   1   7
 41   5  42   5
 30  14  30  15
 41  28  41  29
 35   3  35   4
 22   3  23   3
  2  19   3  19
 39  26  39  27
 21  20  22  20
 51  20  51  21
 29  33  30  33
 14  13  14  14
 44  24  45  24
  8  30   8  31
 65  31  65  32
 12  28  12  29
 62  19  63  19
 18  19  19  19
 36  15  37  15
  8  30   9  30
 24   7  25   7
 49   1  50   1
 36  27  37  27
 18  28  19  28
 20  25  20  26
 20   8  21   8
 49  13  49  14
 34  28  35  28
  2   5   2   6
 18   2  18   3
 13  13  13  14
 10   6  10   7
 40  20  41  20
 29  16  30  16
 63   6  64   6
 37  25  37  26
 16   0  16   1
 36   1  36   2
 23  22  23  23
 10  28  10  29
  9  31   9  32
 50  28  51  28
 19   1  19   2
 46  17  46  18
 49  29  50  29
  8  32   8  33
 57  26  57  27
 61  33  62  33
  9   5   9   6
 61  24  61  25
 34   8  34   9
 25  21  26  21
 55   4  55   5
 64   2  64   3
 59   7  60   7
 24  18  24  19
 15  21  16  21
 57  13  58  13
 33  14  34  14
 28  17  29  17
 16   2  17   2
 45  25  45  26
  8  20   8  21
 69  14  70  14
 28  30  28  31
 15   9  16   9
  5  32   5  33
 18  32  18  33
  0  28   1  28
 12   1  12   2
 64  13  64  14
 26  17  26  18
 70   7  70   8
 10   0  10   1
 18  10  19  10
 13   9  14   9
  6   5   7   5
 48   4  48   5
 25  34  26  34
  2  24   2  25
  3   1   3   2
 33   1  33   2
 56  23  57  23
 10  24  11  24
  5   0   5   1
 60  17  60  18
  5  27   6  27
  8   4   8   5
 23   2  23   3
 48  12  49  12
 50  31  51  31
 69  13  70  13
 22   4  22   5
 15  19  15  20
 24   6  25   6
 57  30  57  31
 67  34  67  35
 27   8  27   9
 55  30  56  30
 11  28  12  28
 28  27  29  27
 36  19  37  19
 55   4  56   4
  8  19   8  20
 17  24  18  24
 32   6  32   7
 46  16  46  17
 40  17  40  18
 60  20  61  20
 52  32  53  32
 63  15  63  16
  1  28   1  29
 45  28  46  28
 18  14  18  15
  6  32   6  33
 38  16  39  16
 49  13  50  13
 10  25  11  25
 36  29  36  30
 54   3  54   4
 65  28  66  28
 10   2  11   2
 51   1  52   1
 38  26  39  26
 23   8  23   9
 28  18  28  19
 29  31  30  31
 40  28  40  29
 32  33  33  33
 47  27  47  28
 37  20  37  21
 59  16  59  17
 23  20  23  21
 25  19  25  20
 29  12  29  13
 43  11  43  12
  0  19   0  20
 49  15  49  16
 67   2  67   3
 48  17  48  18
 19   3  20   3
  9  21   9  22
  7  14   8  14
 51  33  52  33
 61   0  62   0
  1  22   2  22
 10  15  11  15
 70  12  71  12
 32   7  32   8
 34  16  34  17
 10   2  10   3
 50  17  51  17
 22  33  22  34
 33  19  33  20
 66  13  67  13
 31  22  31  23
 19  19  19  20
 22  19  23  19
 36   6  37   6
 67  34  68  34
 43  34  44  34
  6  16   6  17
  3   9   4   9
 67  17  68  17
 57  13  57  14
  6   1   7   1
 12  17  12  18
 52  17  53  17
 44  11  45  11
 15  12  15  13
 59   7  59   8
 14  34  14  35
 55  25  55  26
 27  18  28  18
  0   8   0   9
 67   5  67   6
  1  16   2  16
 15  21  15  22
 21   2  22   2
 21  22  22  22
 32  19  32  20
  8  12   8  13
  8  29   9  29
 36  35  37  35
 47  31  48  31
 17  16  18  16
 44  25  45  25
 66  29  66  30
 40  21  40  22
 67  12  68  12
 43  22  43  23
 65  25  66  25
 62  24  63  24
 56   2  56   3
 34  32  34  33
 70  10  70  11
 18  12  19  12
 56  34  56  35
  4  17   5  17
  8  12   9  12
 46   6  46   7
 33  21  34  21
 52  15  53  15
 69   9  70   9
  8  14   8  15
  8   9   8  10
 22  10  22  11
 51  25  52  25
 41   2  41   3
 16  26  17  26
 37  24  37  25
 40  11  40  12
  8  13   9  13
 29   0  30   0
  5   5   5   6
  3  32   3  33
 56  20  57  20
 33  22  34  22
 45   7  45   8
 38   7  38   8
 43  28  43  29
 36  20  37  20
 55  23  55  24
 58   2  58   3
  0  26   1  26
 55  35  56  35
 65  13  66  13
  4  19   5  19
  1  32   2  32
 40  31  40  32
 26  14  26  15
  7  30   7  31
 11  31  11  32
 71  25  71  26
 10  32  10  33
 29  19  30  19
 25  15  26  15
 35   0  35   1
  7   4   8   4
 69  21  70  21
 48   0  48   1
 18  15  18  16
 52  18  52  19
 67  32  67  33
 21  16  21  17
 36  21  37  21
 50  24  51  24
 44   3  45   3
 40  26  40  27
 63  26  63  27
 26  27  26  28
 62  21  62  22
 48  21  49  21
 19  15  19  16
 58  16  58  17
 26  22  26  23
 63   9  64   9
 19  11  20  11
  1   6   1   7
 15  11  15  12
  3   8   4   8
 30   3  31   3
 43  13  44  13
 32  11  32  12
 31  30  32  30
 67  29  67  30
  8  13   8  14
 24  22  25  22
 29  24  29  25
 29   5  29   6
 57  33  58  33
 17   9  18   9
 68   8  69   8
 50   7  50   8
 57  31  58  31
 33  17  34  17
 32  29  33  29
 39  11  39  12
 53   7  53   8
 32   5  32   6
 68  17  68  18
 50  21  50  22
 41  14  42  14
 45   9  46   9
 41   6  41   7
 47  11  48  11
 60  21  61  21
  4  34   4  35
 46  20  46  21
 54   7  54   8
  7  12   8  12
 69  27  69  28
 50   6  50   7
  5   1   6   1
 66   3  66   4
 33  26  33  27
 68  18  68  19
 13  12  13  13
 47  18  48  18
 20  10  21  10
 14  27  14  28
 51   8  52   8
 19  12  20  12
 54  34  55  34
 56  11  56  12
 24  32  25  32
 27  25  27  26
 44  13  44  14
  6   2   7   2
  4  25   5  25
 64  22  65  22
 52  33  53  33
 48   2  49   2
 25  28  26  28
 41   0  41   1
  0  29   0  30
 31  16  32  16
 14  11  15  11
 65  23  65  24
 36  32  36  33
 39  15  40  15
  2  33   3  33
  5  15   6  15
  5   3   5   4
 32  31  32  32
  6  31   7  31
 70  14  70  15
 24  13  24  14
 30  30  31  30
  5   8   5   9
 59   0  60   0
 63  14  63  15
 49  26  50  26
 49   1  49   2
 58  28  58  29
 62   6  63   6
 52  22  52  23
 69   7  69   8
 47  27  48  27
 65  11  66  11
  2  28   2  29
 45  16  45  17
 42   6  43   6
 12  11  13  11
 10   4  11   4
 15  32  16  32
 49  23  50  23
 66  17  66  18
 29   8  30   8
  4   3   4   4
 63  24  64  24
 31  15  32  15
  2  31   2  32
 67  15  68  15
 32  35  33  35
 26   5  27   5
 25   4  26   4
 24   5  24   6
 25   1  25   2
 67  19  68  19
 50   2  50   3
  2  18   2  19
 63  21  63  22
 43   6  43   7
 36   4  36   5
 36  16  36  17
  9   8  10   8
 43  15  43  16
 59  23  59  24
  1  25   1  26
 24  33  25  33
 70   2  71   2
 20  13  20  14
 24  13  25  13
 40  24  40  25
 35   6  35   7
 38   2  38   3
 48  18  49  18
 40   4  41   4
  4  28   4  29
  9   4  10   4
 20  33  20  34
 49  27  50  27
 19  24  19  25
 56  10  57  10
 17  20  18  20
 16   7  17   7
 30  21  30  22
 24  24  25  24
 24  14  25  14
 42   1  42   2
 41  31  41  32
 62  12  63  12
 27  28  28  28
 26  30  27  30
 53  29  54  29
 23  10  24  10
 59  27  60  27
 64   4  65   4
 34  18  35  18
 69  31  69  32
 70  10  71  10
 64  34  65  34
  2   2   2   3
 33  34  34  34
 24   9  25   9
 10  29  10  30
 49  16  49  17
 58  23  58  24
 35  15  35  16
 31  25  32  25
 13  23  14  23
 39  31  39  32
 61  29  61  30
 40  25  41  25
 18  23  18  24
 52  30  52  31
 13  34  14  34
  4  11   5  11
 30  24  31  24
 25  35  26  35
 46   4  46   5
 19  34  20  34
 21  18  21  19
 52   9  52  10
 40  23  41  23
 11  13  12  13
 40   9  40  10
 16   6  17   6
 24  31  25  31
 15  24  15  25
 42  13  42  14
 20   1  20   2
 10  17  10  18
 52  34  53  34
 20   6  20   7
 24  24  24  25
 37   4  38   4
 27   4  28   4
 61  34  61  35
 63   4  63   5
 36  28  36  29
  4  19   4  20
 31   4  31   5
 53  19  53  20
 22  26  23  26
 30  22  30  23
 21  23  22  23
 16   8  16   9
 18   5  19   5
 25   4  25   5
 11  30  11  31
  5   1   5   2
  4  14   5  14
 68   5  68   6
 44   5  45   5
 33  35  34  35
 70  32  71  32
  7   5   7   6
 32  18  32  19
 20  31  21  31
 70   8  71   8
 13  11  14  11
 42   8  42   9
 16  12  17  12
 63  17  63  18
  6  26   7  26
 28  20  28  21
 70   5  70   6
 24  21  25  21
  3   6   4   6
  6  29   6  30
 59  15  59  16
 28  32  28  33
 36  27  36  28
 64  29  64  30
  5   4   5   5
  6  18   7  18
  3  28   4  28
 67  22  67  23
 46   1  46   2
 61   9  62   9
 51  13  52  13
 50  34  50  35
 34  26  34  27
 11  24  11  25
 23   4  24   4
 17   7  17   8
 32  30  33  30
 60  26  60  27
 50   4  50   5
 60  30  61  30
 42  22  43  22
  1  10   1  11
  0  10   1  10
 10   1  10   2
 64  21  65  21
 39  13  40  13
 68  22  68  23
 53  11  53  12
  0  23   0  24
 33  30  34  30
 65  17  66  17
  8  24   9  24
  7  10   8  10
 11  13  11  14
 55  32  56  32
 35  17  36  17
 66  17  67  17
 13  24  14  24
 61  26  62  26
 14  14  14  15
 52   3  53   3
  1  23   1  24
 39  15  39  16
 28  18  29  18
 39  13  39  14
 54  23  54  24
 61  32  61  33
  9  10  10  10
 21  29  22  29
 45  22  45  23
 12   0  13   0
 20  17  20  18
  8   5   8   6
  8  24   8  25
 15  12  16  12
 10  26  11  26
 68  29  69  29
  7   5   8   5
  0  32   1  32
 54  12  54  13
 45  13  46  13
  5  33   6  33
 14  32  15  32
 44  28  44  29
 59  12  59  13
  2  35   3  35
 13  20  13  21
 39  12  39  13
 42  34  42  35
 36  13  37  13
 49  21  49  22
  3  10   4  10
 24  20  24  21
 12  19  12  20
 61   5  62   5
 38   1  38   2
 48   1  48   2
 22  12  23  12
 65  34  65  35
 29  26  30  26
 34  33  35  33
 13   6  13   7
 58  33  59  33
 59  12  60  12
  5  14   6  14
 38  29  38  30
 47  15  48  15
 32   9  32  10
 57  15  57  16
 41  24  42  24
 45  21  46  21
 24  18  25  18
 32  15  32  16
 47   2  47   3
 22  30  22  31
 45  33  45  34
 44  11  44  12
 32  20  33  20
 56  31  56  32
 45   5  46   5
  4  28   5  28
 37  16  38  16
 55  10  56  10
 28  33  29  33
 54  16  54  17
 53  35  54  35
 14  11  14  12
 10  20  11  20
 14  26  14  27
 17   7  18   7
  4  14   4  15
  4  20   5  20
 68  10  69  10
 37  11  38  11
 35  12  35  13
 40   0  41   0
 27  11  27  12
 33   9  33  10
  8  27   9  27
 66  27  66  28
 56   2  57   2
 30  27  30  28
 30  11  31  11
 51  19  51  20
 27  24  28  24
 13  21  13  22
 61  31  62  31
 41  28  42  28
 65  33  65  34
 50   3  51   3
 10  20  10  21
 69  24  69  25
 49   2  49   3
 23  11  23  12
 22   8  23   8
 12  10  13  10
 47  19  48  19
 51  35  52  35
 25   1  26   1
  7  21   7  22
 36  30  36  31
 38  19  39  19
 40  23  40  24
 69  13  69  14
 53  14  54  14
 12   4  13   4
 63  19  63  20
 47  12  47  13
 48  33  48  34
 12  12  13  12
 57   7  57   8
 49  22  50  22
  8   1   8   2
 51  32  51  33
 28  34  29  34
 17  14  18  14
 53  24  53  25
 38  32  38  33
 27  23  27  24
 62  14  62  15
 43  27  44  27
 25   5  26   5
 66  14  67  14
 46   8  46   9
 15  35  16  35
 38   4  38   5
  7  17   8  17
 40   1  40   2
  6  13   7  13
 50  14  50  15
 41   4  42   4
 61  17  61  18
 68  21  68  22
 44  20  44  21
 40  13  41  13
 28  25  29  25
 66  35  67  35
 63   4  64   4
 12   7  13   7
 38   6  38   7
 67   4  67   5
 17  21  17  22
 37   3  37   4
 47  21  48  21
 52  30  53  30
 60  19  60  20
 49   7  49   8
 26  15  27  15
 54  13  55  13
  6  11   6  12
 37  31  37  32
 52   4  52   5
 70  22  70  23
 56  12  57  12
 59  33  60  33
 22  29  23  29
 38  15  38  16
 18  30  18  31
 41  21  41  22
 46  24  47  24
 60  25  60  26
 16   3  17   3
 52  22  53  22
 44   1  44   2
 27  33  28  33
 35  17  35  18
 10  12  10  13
 71  17  71  18
 66  26  67  26
 35  27  35  28
 64   0  64   1
 42   7  42   8
 34  24  35  24
 55  14  55  15
 23  23  23  24
 56  13  57  13
  3  32   4  32
 26  21  27  21
  9  31  10  31
 43  32  43  33
 55  19  56  19
 11  23  12  23
 65   9  65  10
 16   9  16  10
 10  18  10  19
  9  22   9  23
 46  18  47  18
 16  24  17  24
 36  15  36  16
 14   7  15   7
 45  31  46  31
  5  12   5  13
 69  30  70  30
  1  27   1  28
 38  22  39  22
 42  23  42  24
 34   5  34   6
 29  22  29  23
 59  22  59  23
 38   5  39   5
 40  16  40  17
 35  24  35  25
 67  23  67  24
 67  24  68  24
 14  28  14  29
  3  33   4  33
 18  24  18  25
  5   9   5  10
 24   1  25   1
 51  11  52  11
 57  11  58  11
 14  26  15  26
 20  24  20  25
 63  16  63  17
 17  10  18  10
 19   2  19   3
 37  27  38  27
 64  14  64  15
 11  32  11  33
 27   9  27  10
 49  33  49  34
 46  12  47  12
 32   7  33   7
 43  29  44  29
 63  10  63  11
 25  10  25  11
 20  29  20  30
 63  28  64  28
  1  13   2  13
  3  25   3  26
 47   7  47   8
 56  19  57  19
 70  26  71  26
 10  13  11  13
 65   8  66   8
  7  31   7  32
 19  25  19  26
 44  35  45  35
 34   7  34   8
 26  31  27  31
 55   0  55   1
 31   3  32   3
 62  14  63  14
  0  31   0  32
 65  29  65  30
 52  20  53  20
 47   6  48   6
 30   7  30   8
 49  24  50  24
 68  28  68  29
 49  35  50  35
 32  27  33  27
 62  20  62  21
 34   6  35   6
 43   9  44   9
  4   2   5   2
 18   8  18   9
 51  23  51  24
 46   3  47   3
 34  20  35  20
 28  26  29  26
 41  16  41  17
  0  16   0  17
 57  25  57  26
 60   5  60   6
 13  25  14  25
 33   5  33   6
 24  11  24  12
 59  14  60  14
 34   1  34   2
 21  24  22  24
 62  27  63  27
 23   1  24   1
 57   6  57   7
 45   2  46   2
 27  31  28  31
 11  21  11  22
  0  21   1  21
 28  15  29  15
  5   2   5   3
 58   0  58   1
  6  24   6  25
 50  28  50  29
 29  32  29  33
 36  28  37  28
 26  13  26  14
 12  13  13  13
 45  17  45  18
 34  17  35  17
 19   6  19   7
 53  22  54  22
 62   9  63   9
 68  21  69  21
 45   8  45   9
  4  32   5  32
 10   5  11   5
 28  22  28  23
 68  27  69  27
 41  25  42  25
 71  20  71  21
 24   8  24   9
 69  34  69  35
 33  24  34  24
 41  18  41  19
 34  23  35  23
 42   3  43   3
 26   1  26   2
 18   2  19   2
 41  12  41  13
 61   3  61   4
 63   7  64   7
 39  32  39  33
  6  10   7  10
 16  20  17  20
 62  23  62  24
 27  10  27  11
 14   4  14   5
 56  26  56  27
 46  25  47  25
  3  19   4  19
  8  18   8  19
 44   3  44   4
 60  32  61  32
 50  20  50  21
 44  21  44  22
  5  31   6  31
 43   5  44   5
 56  14  57  14
 65  30  65  31
 21   7  21   8
 14  30  14  31
 51   4  52   4
 46  26  46  27
 11  33  11  34
 70   9  70  10
 12  33  12  34
 55   8  56   8
 46  28  47  28
 22  14  22  15
 63  33  63  34
 47   4  47   5
 37  14  37  15
 12   3  13   3
 53   0  54   0
 13   1  13   2
 48  16  49  16
 48  17  49  17
 42  32  42  33
 38  13  38  14
 37   3  38   3
 13  15  14  15
 32  13  33  13
  7  24   7  25
 30  21  31  21
 61  12  62  12
 55  21  55  22
  2  26   2  27
 17  31  17  32
 50   0  50   1
 42  33  43  33
 67  14  68  14
 44  33  45  33
 38  23  39  23
 21  26  22  26
 29  23  30  23
 12   5  12   6
 62  25  62  26
 41  20  42  20
 38  15  39  15
  7  20   7  21
 23  15  24  15
 57  19  58  19
 46  19  47  19
 53  11  54  11
 26  30  26  31
 42  11  43  11
 35   3  36   3
 29   1  29   2
 71  30  71  31
 29  29  30  29
 18   4  18   5
 68   9  68  10
 10  18  11  18
 27  14  27  15
 60  10  61  10
  4  32   4  33
 28   7  28   8
 70  33  70  34
 11  21  12  21
 43  20  44  20
 21  12  22  12
 32   8  33   8
 21   5  22   5
 52  34  52  35
 35  13  35  14
  8   0   9   0
 12  21  13  21
  0  19   1  19
 59  19  59  20
 18  28  18  29
 30  13  30  14
 20  16  20  17
  3  30   3  31
 36  19  36  20
 14  31  15  31
 38  18  39  18
 56  27  57  27
 58  30  58  31
 70   6  70   7
  1  33   2  33
 43  25  44  25
 15   3  15   4
 20  12  21  12
 29  12  30  12
  6  16   7  16
 39  10  40  10
 22   9  22  10
 42  35  43  35
 52  16  52  17
 20  18  21  18
 57   8  58   8
 31  24  31  25
 60  24  61  24
 27   5  28   5
 53  26  53  27
 35  35  36  35
 35   9  36   9
 21   5  21   6
  0  11   1  11
  6   0   7   0
 58  17  58  18
  3  14   4  14
  2  11   2  12
 23   8  24   8
 37  21  38  21
 44  34  45  34
 46  18  46  19
 48  28  49  28
  3  26   3  27
 70  25  70  26
 25  14  26  14
 45  26  45  27
  6   8   7   8
 62  30  63  30
 12  16  12  17
 26  22  27  22
 29  34  30  34
  5  24   5  25
  0  35   1  35
 43   9  43  10
 56  29  57  29
  9  20  10  20
 69  19  69  20
 25  24  25  25
 69  19  70  19
 18  23  19  23
 65  19  65  20
 25  17  25  18
  0  30   1  30
 48  32  48  33
 53  26  54  26
 58  12  58  13
 59   4  60   4
 21   0  22   0
 60   5  61   5
 11  20  12  20
 35  26  36  26
 69  26  69  27
 50   3  50   4
  0  22   0  23
 42  33  42  34
 56   1  57   1
 69  21  69  22
 42  17  42  18
  7  27   8  27
 48  11  48  12
 55  16  56  16
 31  33  32  33
 32  32  33  32
 34  10  34  11
 70   2  70   3
 70  21  70  22
  7  22   8  22
 44   9  45   9
 20  23  20  24
 25   5  25   6
  8  16   8  17
 16  30  16  31
 70  27  71  27
 44  23  45  23
 56  21  57  21
 24  19  25  19
 16  22  16  23
  1  33   1  34
 62  28  62  29
 41  34  41  35
  4  24   5  24
  3  21   4  21
 16  18  16  19
 58  27  59  27
 36  29  37  29
 37  30  37  31
 68  31  68  32
 27   0  28   0
 33  12  34  12
 23  27  23  28
 35  11  35  12
 42  18  42  19
  3  35   4  35
 70  11  70  12
 35  32  36  32
 46  29  46  30
 61  29  62  29
 20  33  21  33
 53   4  53   5
 55   9  56   9
 27   6  27   7
 58  32  59  32
 13  32  13  33
  1  11   1  12
  6   5   6   6
 64  21  64  22
 52   1  53   1
 39  35  40  35
 18  20  19  20
  8  28   8  29
  9   3  10   3
 62   6  62   7
 49  30  50  30
 42  32  43  32
 30  20  30  21
  0  14   0  15
 69  23  69  24
  6  21   7  21
 36  21  36  22
  6  19   6  20
 42   4  43   4
 49  18  50  18
  1  21   1  22
 28   8  28   9
 17  26  17  27
 29   9  30   9
 59  20  60  20
 30   4  30   5
 68  20  69  20
 10  14  11  14
 46  11  46  12
 39  29  40  29
 19  11  19  12
 34  25  35  25
 43   0  43   1
 65  11  65  12
 56  29  56  30
 34  32  35  32
 53   3  53   4
 64  12  64  13
 55  27  55  28
 54  24  55  24
  8  23   8  24
 35  32  35  33
 61  25  62  25
 65   2  65   3
 18   1  19   1
 62  29  62  30
 48  22  49  22
 57  33  57  34
 16   7  16   8
 22  21  23  21
 20   8  20   9
 49   6  49   7
 61   0  61   1
 20  27  21  27
 59   9  60   9
 59  31  60  31
 44   0  44   1
 55  13  56  13
  1  15   1  16
 32   0  33   0
 64  29  65  29
 63   1  63   2
 66  29  67  29
 27  15  27  16
 56   7  56   8
 36  14  36  15
  9  12   9  13
 67  25  67  26
 50  26  51  26
 16  30  17  30
 15  18  16  18
  0  22   1  22
 32  25  33  25
 13  24  13  25
 17  33  17  34
 48   8  49   8
 14  16  14  17
 30  26  30  27
 46  23  47  23
 52  29  52  30
 55  18  56  18
 58   6  58   7
 16  15  16  16
 62   7  62   8
 58  21  59  21
 61  30  62  30
 67  14  67  15
 37  20  38  20
 29   6  30   6
  5   7   6   7
 23  21  23  22
 53  15  54  15
 29   7  30   7
 48  14  49  14
 37   1  38   1
 38  31  39  31
 47  31  47  32
 64  11  65  11
 13  17  13  18
 31  29  32  29
 46  10  47  10
 35  27  36  27
 55  18  55  19
 49  32  50  32
 21  34  22  34
 24  15  25  15
 16  28  16  29
 14  34  15  34
 54  25  54  26
 56   3  57   3
 18   9  19   9
 22   5  22   6
 49  14  50  14
 43  21  44  21
  0   7   0   8
 66   4  66   5
  7  22   7  23
 25   8  25   9
 15   4  15   5
 44   7  45   7
 54   0  54   1
 27  26  27  27
 67   1  67   2
 58  24  58  25
 44  31  45  31
  6  25   7  25
 70  13  70  14
 49  34  50  34
 41  31  42  31
 37   7  38   7
  7   0   8   0
 49  19  49  20
 43  25  43  26
 49  19  50  19
 67   3  68   3
 44   5  44   6
 63  34  63  35
 62  34  63  34
 11  22  12  22
 40  33  41  33
 71  31  71  32
 51   2  51   3
 66  27  67  27
 68   1  68   2
 70  19  71  19
 33  15  33  16
 46  16  47  16
 23   9  23  10
 37   0  37   1
 39  30  39  31
  2  14   2  15
 15   0  16   0
 37  25  38  25
 14  21  15  21
 21   1  21   2
 37  34  37  35
 32  24  33  24
 26  19  27  19
 34  26  35  26
 33  17  33  18
 20  25  21  25
 51  31  52  31
 43  19  43  20
 12  25  13  25
 52   9  53   9
 69  12  70  12
 53  31  53  32
 14  13  15  13
 64  16  64  17
 67  24  67  25
 21  27  22  27
 67  26  68  26
 69  18  70  18
 49  25  49  26
 10  24  10  25
 34   4  34   5
  6   9   6  10
 49  34  49  35
 45  27  46  27
 22   7  22   8
 38  17  38  18
 62   0  62   1
 26  11  27  11
 39  25  39  26
 28  12  29  12
 57  28  57  29
 70   0  71   0
  1  19   1  20
 25  21  25  22
 26   2  27   2
 67  20  67  21
 15  13  15  14
 39   9  40   9
 12  34  13  34
 53  24  54  24
  9  32   9  33
 20  34  21  34
  6  28   7  28
  4  24   4  25
 50  31  50  32
 28  31  28  32
 31   7  31   8
 50  13  50  14
 21  10  21  11
  9  30  10  30
 48  19  49  19
 69  24  70  24
 58  18  59  18
 27  10  28  10
  6  19   7  19
 20  21  21  21
 35  21  35  22
 53   0  53   1
 56   0  57   0
 66  25  66  26
 16   5  17   5
 45   3  45   4
  1  27   2  27
 50  30  50  31
  5  32   6  32
 50   5  51   5
 27  25  28  25
  8  25   9  25
 51  17  52  17
 51  18  51  19
 52  29  53  29
 66  22  66  23
 67  21  68  21
 43  30  43  31
 11   4  12   4
 17  19  18  19
  3  28   3  29
 30  23  30  24
 55   9  55  10
 16  16  17  16
 11  17  12  17
 59  14  59  15
 66  20  67  20
 21  32  22  32
 43   2  44   2
 40   8  41   8
  8  27   8  28
 71  19  71  20
 11   9  12   9
 47   0  48   0
 62   5  62   6
 26   1  27   1
 19   0  20   0
  5  34   6  34
 33  23  33  24
  7  10   7  11
 24  34  24  35
 55  29  55  30
 32   2  33   2
 19  19  20  19
 19  30  20  30
 67   8  67   9
 27  26  28  26
 33  26  34  26
  4   0   5   0
 61  14  61  15
  3  15   3  16
 67  16  68  16
 64  16  65  16
 36   4  37   4
 46   4  47   4
 58  21  58  22
 60  12  60  13
 29   3  29   4
 42  34  43  34
 67  33  67  34
 33   3  34   3
 14  24  14  25
 57  34  58  34
 46  27  47  27
 66  30  67  30
  2  22   3  22
 54  11  54  12
 62  13  62  14
 28  13  28  14
 39   2  40   2
 14  24  15  24
 25  28  25  29
 13  27  14  27
 16  29  17  29
 19  30  19  31
 13  22  13  23
 61  16  61  17
 53  12  54  12
 68  13  68  14
  5  27   5  28
 52  24  52  25
  5  26   6  26
 40  19  40  20
 20  20  20  21
 69  17  69  18
 56   7  57   7
 17  21  18  21
  5  15   5  16
 31  10  31  11
 34  19  35  19
 43   3  44   3
 56  22  56  23
 60  22  61  22
 62  16  62  17
 11   4  11   5
 28  11  28  12
 47  25  47  26
 62   2  63   2
 35  30  35  31
 31   2  31   3
 31  17  32  17
 60  33  60  34
 57   2  58   2
 70  27  70  28
  9  29   9  30
  0  29   1  29
 66  19  67  19
 67  13  68  13
 19  31  20  31
  4  10   4  11
 18  12  18  13
 38  34  38  35
 36   7  37   7
 51  30  51  31
 13   3  14   3
 24  23  25  23
 26  16  27  16
 19  17  20  17
 48   4  49   4
 40  33  40  34
 16  13  16  14
 55  34  55  35
  0   0   0   1
 42  29  43  29
 21  10  22  10
 14  16  15  16
 50  19  51  19
 70  23  70  24
 10  30  11  30
 26   3  26   4
 24  15  24  16
 20  11  20  12
 68   3  68   4
 64   8  65   8
  7  12   7  13
  8  17   8  18
 23  24  24  24
 27   3  28   3
 68  35  69  35
 56  24  56  25
 39  17  40  17
 56   4  57   4
  9   3   9   4
  3  10   3  11
 56  22  57  22
 14   1  15   1
 53  32  53  33
 41  32  41  33
 49   8  50   8
 56  20  56  21
 64   5  65   5
 46   7  47   7
 55  30  55  31
 60  16  60  17
 69  22  70  22
 44  23  44  24
 43  34  43  35
 21  14  21  15
  0  10   0  11
 52   2  52   3
 21  19  22  19
  7  19   8  19
 38  25  38  26
 42  22  42  23
 62  24  62  25
 16  20  16  21
