MAZE 40 80
 11  42  12  42
 23  32  23  33
 14  37  14  38
 16  70  17  70
 34  43  34  44
 31  14  32  14
 22  13  23  13
 18  61  19  61
 31   8  31   9
  2  63   2  64
  6  71   7  71
 16  69  16  70
 35  25  35  26
 10  44  10  45
 32  75  32  76
 31  77  32  77
 14  44  14  45
 12  22  13  22
 22  22  23  22
 12   2  12   3
  4  17   4  18
  2   0   2   1
 11  76  11  77
 35  62  35  63
 18  28  19  28
  5   7   5   8
 35  28  36  28
 38  24  39  24
 30  36  31  36
 26  55  26  56
 29  60  30  60
 17   4  18   4
 34  29  35  29
  3  18   3  19
 25  30  26  30
 14  73  14  74
 26  50  27  50
 24  26  24  27
  5   0   6   0
 30  57  30  58
 22  21  22  22
 27  70  27  71
 24  10  25  10
 10  41  11  41
  8  78   9  78
 12  60  13  60
  3  21   3  22
 17  51  17  52
 13  67  14  67
 27  73  28  73
 33  76  33  77
 10  24  10  25
  4   6   4   7
 12  45  12  46
 18  48  18  49
 33  24  33  25
  2  51   3  51
 28  57  29  57
  2  34   3  34
 25  57  26  57
 25  26  26  26
 23  10  24  10
  3  50   3  51
  4  57   5  57
  2  45   3  45
 23  67  23  68
  7  33   8  33
 19   5  19   6
 20   8  21   8
 28  23  28  24
 34  10  34  11
  3  18   4  18
  1  77   1  78
 13  24  13  25
 37  69  37  70
 24  67  24  68
 23  12  24  12
 31  67  32  67
 35  64  35  65
 10  62  10  63
 16   8  17   8
 11  77  11  78
 21   4  21   5
 34  63  35  63
 26  42  27  42
 31  39  32  39
  5  55   5  56
 32  43  32  44
 38  15  38  16
 22  26  23  26
 32   9  33   9
 18  67  19  67
 34  31  34  32
 27  19  27  20
 38  18  39  18
  3  71   3  72
 36  27  36  28
 25  69  25  70
 32  41  33  41
 37   6  38   6
 36  28  36  29
 10  76  11  76
 15  59  15  60
  2  32   2  33
 10  16  10  17
 12  71  12  72
 30  39  31  39
 34  52  34  53
 37  29  37  30
  9  21   9  22
 13  25  13  26
 18   3  19   3
  4   9   5   9
  6  73   7  73
  4  27   4  28
  4   8   4   9
 29  68  29  69
 15  40  16  40
 26  17  26  18
 23  61  23  62
 32   2  32   3
 28  36  28  37
  9  61  10  61
  4  68   5  68
 16  45  16  46
 21  53  22  53
 36  24  36  25
 31  11  32  11
  7  43   8  43
 38  65  39  65
 20  54  20  55
 26  16  26  17
 36  21  37  21
  8  21   9  21
  4  26   5  26
 19  15  20  15
 12  17  12  18
 20  12  21  12
  9  16  10  16
 32  38  32  39
 16  12  16  13
 11  21  12  21
 31  26  31  27
 16  43  17  43
 24  60  25  60
 18  22  18  23
 37  68  38  68
  4  58   4  59
 19  70  20  70
 28  42  29  42
 17  33  17  34
 21  66  22  66
 26  38  27  38
  4  35   4  36
 16  20  17  20
 24  71  25  71
 18  69  19  69
  0  19   0  20
 34   4  34   5
  0  63   0  64
 30  42  31  42
 32  42  32  43
  1  45   1  46
 15  40  15  41
 13  20  14  20
 24  55  25  55
 16  31  17  31
  7  76   7  77
 35  36  36  36
 31  41  31  42
 10  32  11  32
 35  76  36  76
 36  64  36  65
  5   5   5   6
 17  39  17  40
  5  64   6  64
  2  15   2  16
 38  14  39  14
 13  60  14  60
 25  51  26  51
 32  33  33  33
  3  64   3  65
 15  65  15  66
 33  25  34  25
  7  46   7  47
  3  15   4  15
 14  36  14  37
 24  34  25  34
 18  23  18  24
 15  32  16  32
 22  37  23  37
 20  66  21  66
 37  10  37  11
  9  17  10  17
 32  57  32  58
 22  17  23  17
 27  39  28  39
 30  58  30  59
 10  18  11  18
 38   9  39   9
 30  41  30  42
 17  68  18  68
 38  68  39  68
 35  39  36  39
 23  51  24  51
 10  17  10  18
 33  26  33  27
 12  16  12  17
 32  31  32  32
 23   9  24   9
 39  20  39  21
 27  71  28  71
 15  45  16  45
  7   2   8   2
  9   8   9   9
  6  69   6  70
 33  42  33  43
  4  67   4  68
  9  73   9  74
 14  66  14  67
 14   4  14   5
  2   5   3   5
 39  17  39  18
 29  41  29  42
 34  41  34  42
 11  38  12  38
 28   9  29   9
 20  49  21  49
 14  40  15  40
 26  15  27  15
 11   3  12   3
 14   1  15   1
 35  31  35  32
 19  38  20  38
 32  38  33  38
  0  54   0  55
 27  69  27  70
 12  74  13  74
  9  46  10  46
 35  10  36  10
 23   7  24   7
 14  20  14  21
 38  20  39  20
 18  34  19  34
 37  36  37  37
 26  22  27  22
  2  49   2  50
 15  44  16  44
 34  75  35  75
 23  37  24  37
 16   5  16   6
 26   2  27   2
 28  33  28  34
 24  39  25  39
  6  25   7  25
  3  66   4  66
 18   9  19   9
  2  13   2  14
 30  61  30  62
 18  38  19  38
 23  71  23  72
 17  13  18  13
 18  10  18  11
 27  67  28  67
 25  39  26  39
  6  38   6  39
 34   1  35   1
 32  64  33  64
 22  63  22  64
 15   7  15   8
 38  31  38  32
 17   5  17   6
  1  24   2  24
 28  13  29  13
  7  69   7  70
 34  53  34  54
 19   9  20   9
 33  41  34  41
 21  61  22  61
 20   4  20   5
  9  45  10  45
 33  15  34  15
 12  12  13  12
 20  69  20  70
 31  78  31  79
 15  10  15  11
 19  66  19  67
 17  68  17  69
 35  67  36  67
 33  50  33  51
  4   2   5   2
 13  68  14  68
 35  59  36  59
  5  65   5  66
  9  19   9  20
 30  29  30  30
  8  51   9  51
 34  24  34  25
  2  43   3  43
  1  14   1  15
 28  27  29  27
 23  38  23  39
 28  26  29  26
  3   5   3   6
 26  20  27  20
 33  59  34  59
 18  35  18  36
 11  52  11  53
 14  47  15  47
 34  13  35  13
 24  16  24  17
  9  13  10  13
 27  22  28  22
  5  26   6  26
 37  52  38  52
 14  13  14  14
 38  74  39  74
  6   3   6   4
 24   5  24   6
 25  54  26  54
 27  41  27  42
 38  63  38  64
  7  17   8  17
  6  49   7  49
  3   9   4   9
 23  54  23  55
  9  69   9  70
  5  63   5  64
 22  72  23  72
 21  12  22  12
  0  19   1  19
 27  13  28  13
 36  54  36  55
 32  29  33  29
 26   8  26   9
 13   3  13   4
 18  16  19  16
 26  23  26  24
 18  31  18  32
 24  56  25  56
  3  66   3  67
 23  13  24  13
 16  38  17  38
  5  72   6  72
 22  30  23  30
 30  13  31  13
 14  30  15  30
  7  20   8  20
 13  11  13  12
 17  12  17  13
 22  79  23  79
  6  42   7  42
  9  39   9  40
 10  25  11  25
 25  13  26  13
 16  10  17  10
 27  76  28  76
 17  14  17  15
 18  15  19  15
 38  25  38  26
 35  65  35  66
 28  50  28  51
 19  42  19  43
 32  73  33  73
  2  47   2  48
 32  44  32  45
  8  13   9  13
  9  76   9  77
 30  63  31  63
  1  58   2  58
 29   5  29   6
 24  31  24  32
 15  27  15  28
 20  12  20  13
 14  67  14  68
  6  73   6  74
 28  46  28  47
 34   8  35   8
 32  27  32  28
 29  31  30  31
  6  17   7  17
 31  79  32  79
 15  15  15  16
 36   9  37   9
 19  49  20  49
 25  20  25  21
 34  31  35  31
  4  24   4  25
 30   8  31   8
  6  74   7  74
  8   9   9   9
 34  26  34  27
 19  72  20  72
 33   3  33   4
  3  63   3  64
 37  40  38  40
 22  30  22  31
 19  13  20  13
 35   3  36   3
 26   5  26   6
 32  71  33  71
 38  58  39  58
 17   1  17   2
 37  13  37  14
 33  71  33  72
 29  71  29  72
 29  64  29  65
 36  47  36  48
  8  75   9  75
 27  12  27  13
 36   0  36   1
 32  35  32  36
 22  50  22  51
 21  34  22  34
 10  78  10  79
 18  78  18  79
 26  63  26  64
 27  35  27  36
 31  70  32  70
 19  31  20  31
 21  45  21  46
  6  65   6  66
 36  58  36  59
 17  47  17  48
 16  53  17  53
 10  68  10  69
 13  53  13  54
 16  67  17  67
  0  17   0  18
 27  65  28  65
 19  20  20  20
 27   6  27   7
 19  67  20  67
  8  41   9  41
 14  25  15  25
 32  26  33  26
  4  52   5  52
 38  65  38  66
  3  20   4  20
  0  57   1  57
 21  10  21  11
 15  33  16  33
 27  25  28  25
 36   4  37   4
  4  72   5  72
 23  71  24  71
 37  39  37  40
 30  22  31  22
 28  23  29  23
  3  65   3  66
 33   5  33   6
  9   4  10   4
  3  14   4  14
 32  14  33  14
 29  64  30  64
 13  33  13  34
 23  74  24  74
 29  65  30  65
  0  44   0  45
 12  36  13  36
 34  27  35  27
  7   5   8   5
  8   3   8   4
  8  31   8  32
 28   5  28   6
 13  14  13  15
 19  29  19  30
 35  17  36  17
 16   1  16   2
  9  51   9  52
  9  59   9  60
 17  66  17  67
 29  13  29  14
  3  72   4  72
 13   1  13   2
  2  37   3  37
 28  62  29  62
  9  14  10  14
 11   7  11   8
 37   8  37   9
 38  43  38  44
  7  76   8  76
  1  60   2  60
  5  47   6  47
  7  56   7  57
 10  43  11  43
 24   9  25   9
 17  71  18  71
 20  35  21  35
  3  59   4  59
 28  70  28  71
 21  74  22  74
 22   7  22   8
 27  54  28  54
 11  53  12  53
 26  47  26  48
 22  55  22  56
 32  48  33  48
 27  77  27  78
  9  33   9  34
  9   3   9   4
 24  23  25  23
 12  43  12  44
  8  56   9  56
 19  41  20  41
 22  33  22  34
  9  65  10  65
 14  27  14  28
  3  28   3  29
  8  35   8  36
 32  43  33  43
 20  26  21  26
 18  76  18  77
  9  30   9  31
  9   8  10   8
 18  30  19  30
 23   0  23   1
 33  36  34  36
 10  55  11  55
 11   5  11   6
 35  66  36  66
 29  24  29  25
 10  65  10  66
 13  74  14  74
 14  15  15  15
 30  32  31  32
 10  38  10  39
 25  68  25  69
 29  60  29  61
 38   1  38   2
 10  66  10  67
 35  44  35  45
 14  35  15  35
 21  36  21  37
  4  23   4  24
 26  18  26  19
 29  28  29  29
  5  69   6  69
 29   8  30   8
  9   5  10   5
 11   2  11   3
 15  53  16  53
 12  15  13  15
 29  49  30  49
 24  33  24  34
 31  24  31  25
 16  66  16  67
  3  45   4  45
  9  20  10  20
 23  46  24  46
 30  36  30  37
 11  67  11  68
 29  55  29  56
 35  20  35  21
 21   9  22   9
  7  50   8  50
 33  49  34  49
 26  17  27  17
 22  55  23  55
  9  22  10  22
  3  28   4  28
 24  47  25  47
 21  60  21  61
 32  59  33  59
  6  26   7  26
 34  14  34  15
 29  47  29  48
 14  61  14  62
 15  70  15  71
  1  10   2  10
  7   6   8   6
  1  20   1  21
 10  24  11  24
 33  70  34  70
 35  19  35  20
 32   5  32   6
 15  70  16  70
 16  23  16  24
 25  61  26  61
  5   2   5   3
 11  74  12  74
 14  68  14  69
 28  49  28  50
 15  58  15  59
 20  47  21  47
 23   9  23  10
 12  11  12  12
 24  43  25  43
 21   8  22   8
 15  67  16  67
 23  25  23  26
  7   9   8   9
 22  26  22  27
 36  66  37  66
 32  34  33  34
 23  41  23  42
 34   9  35   9
 17  54  18  54
 37  34  38  34
 24  37  25  37
 36  16  36  17
 29  66  30  66
 25  14  26  14
 20  18  20  19
 31  20  32  20
  0   0   0   1
 35  61  36  61
 26  72  27  72
 28  40  29  40
 30  53  31  53
  3  49   3  50
 26  28  26  29
 20   8  20   9
 27  51  27  52
  4  12   5  12
 33   6  33   7
 18  48  19  48
  6  34   6  35
 32  27  33  27
 27  38  27  39
  3  38   3  39
 24  51  24  52
 25  31  26  31
 23  69  23  70
  8  58   9  58
 20  40  20  41
  4  39   5  39
 29  58  29  59
 10  55  10  56
 15  18  16  18
  8  52   8  53
 20  36  20  37
 25  29  25  30
 30  64  30  65
  0  58   0  59
 32  19  33  19
 24  42  25  42
 28  75  28  76
  0  52   1  52
  7  64   7  65
  7  69   8  69
 15  13  16  13
 19  73  19  74
 30  65  30  66
  5  28   6  28
 35  74  35  75
 16  59  16  60
 25  71  25  72
 18  21  18  22
 33  20  34  20
 27  16  28  16
 36  50  36  51
 22  35  22  36
 24  59  24  60
  3  19   3  20
 21  56  21  57
 23   3  24   3
 34   6  35   6
 32  67  32  68
 17  56  18  56
 24  56  24  57
 33  78  33  79
 24  63  24  64
 32   0  32   1
  1   3   2   3
 14  47  14  48
 27  61  27  62
 34  35  35  35
 35   8  36   8
 38  11  39  11
 14  24  15  24
  6   6   7   6
 28  37  28  38
  6  40   6  41
 28  48  29  48
 35  37  36  37
  2  12   3  12
  9  49  10  49
  5  54   5  55
 23  54  24  54
  2  30   2  31
 20  15  20  16
  5  50   5  51
 22  28  22  29
 18  45  19  45
 15  26  16  26
 31  57  32  57
  5  62   6  62
 20   3  21   3
 36  65  37  65
 16   2  16   3
  9  35   9  36
 29  76  30  76
 14  56  14  57
 17  20  17  21
 33  15  33  16
 26  47  27  47
 35  21  36  21
  6  66   6  67
 38  40  39  40
 19  57  19  58
  9  58  10  58
 15  23  16  23
 24  62  25  62
 35  69  35  70
 23  17  24  17
 33   4  33   5
 39  63  39  64
  2  63   3  63
  4  19   4  20
 14  69  15  69
 28  35  28  36
  2  57   3  57
 25  63  25  64
  3  16   3  17
 33  76  34  76
 12  33  12  34
  2  15   3  15
  3   8   4   8
 18  40  19  40
 22  40  22  41
  1   3   1   4
  0  38   1  38
 34  67  34  68
  5   8   6   8
 19   2  19   3
 25  77  26  77
 33  49  33  50
 22  59  23  59
 10  48  10  49
 35  30  36  30
 36  69  37  69
  1  72   1  73
 37  63  37  64
 27  78  27  79
 10  21  10  22
  1  65   2  65
  7  39   8  39
 11  60  12  60
 32  12  32  13
 17  66  18  66
 36  18  36  19
 25  44  25  45
 33  23  34  23
 25  47  26  47
 33  75  33  76
  4   3   4   4
 20  23  20  24
 10  10  10  11
 11  79  12  79
  6  29   7  29
 36  49  37  49
  2  70   3  70
 34  13  34  14
 13  18  14  18
 13  12  13  13
 13  78  14  78
 24  26  25  26
  3  75   3  76
 28  36  29  36
 24  42  24  43
 20  67  21  67
  4  37   5  37
 33  11  34  11
  1  34   1  35
 16  57  17  57
 13  39  13  40
 38  52  38  53
  4  11   5  11
 29  33  29  34
  2  61   2  62
 23  14  23  15
  9  62  10  62
 20  18  21  18
 25  36  26  36
  9  32   9  33
 38  47  39  47
 31  78  32  78
 28  14  28  15
  8  56   8  57
 13  43  13  44
 19  25  20  25
 33  58  33  59
  7  36   7  37
 29  30  30  30
 17  35  18  35
 38  60  38  61
 39  21  39  22
 23  19  24  19
 28   7  28   8
 21  65  22  65
  9  43   9  44
  2  22   3  22
 29   2  29   3
  6  63   7  63
 33   0  34   0
 33  74  33  75
 28  30  28  31
 28  21  28  22
 33  79  34  79
 31  49  32  49
 12  61  12  62
  7  36   8  36
  5  77   5  78
 27  46  28  46
 14  38  15  38
 12  70  13  70
 34  37  34  38
 19  66  20  66
 38  21  38  22
  1  61   1  62
 27  48  28  48
  4  34   4  35
  2  14   2  15
  7  15   8  15
  0  47   1  47
 37  59  38  59
 24   1  24   2
  5  76   5  77
 14  37  15  37
 29  78  30  78
  1   1   1   2
  8  41   8  42
 29   1  30   1
 21  41  21  42
 12  68  13  68
 15  20  16  20
 38  12  38  13
 37   6  37   7
 15  28  15  29
 15   7  16   7
 36  34  36  35
 29   4  30   4
 26  11  27  11
 20  21  20  22
  6  50   7  50
 27   0  27   1
 28  61  28  62
 36  25  37  25
 33   2  33   3
  0  70   0  71
 33  66  34  66
 21  37  22  37
 26  20  26  21
  2  36   2  37
  2  54   2  55
  9  42  10  42
 31  64  32  64
 39   2  39   3
  5  59   6  59
 29  74  30  74
 22  69  22  70
 22  63  23  63
 12  43  13  43
 24  19  24  20
 14  21  14  22
 10  59  11  59
 33  62  33  63
 19  31  19  32
 29  59  29  60
 34  49  35  49
 10  40  11  40
 28  44  29  44
 31  63  32  63
 22  54  23  54
  3  78   3  79
 16  34  17  34
 28  56  29  56
  2  59   3  59
 19  49  19  50
 21  33  21  34
 30   6  31   6
 17   8  17   9
 25  23  26  23
 38  71  38  72
  6  44   7  44
  0  72   1  72
 11  12  12  12
 36  15  37  15
  8  49   8  50
  2  23   2  24
 34  61  35  61
  1  51   2  51
  1   4   1   5
  8  23   9  23
 30  46  31  46
 39  43  39  44
  6  22   7  22
 32  66  33  66
 25  42  25  43
 36  72  37  72
 24  13  24  14
 26  33  27  33
 21   1  22   1
 10  33  11  33
 13  22  13  23
 39  75  39  76
 29  71  30  71
 30  23  31  23
  6   7   6   8
 39   5  39   6
  7  75   7  76
 37  57  37  58
 11  25  11  26
 38   0  39   0
 15   0  15   1
  7   5   7   6
 10  70  10  71
  8  32   9  32
  9  37   9  38
 35  15  35  16
  6  62   7  62
 36  57  37  57
 10  13  11  13
 23  31  23  32
 33  36  33  37
  1  44   2  44
 36  51  36  52
 30  14  30  15
 29  51  29  52
 34  66  34  67
  1  38   1  39
 18   6  18   7
 23  62  23  63
 26  42  26  43
 19   8  20   8
 19  59  19  60
 10  10  11  10
 10  25  10  26
  6  43   6  44
 29  12  29  13
 34   8  34   9
 31  46  32  46
  5   1   5   2
  9  78  10  78
 25  47  25  48
 23  36  24  36
 10  59  10  60
  9  75   9  76
  1  29   1  30
 35  49  36  49
 22  20  22  21
 16   4  16   5
 26  44  27  44
 21  44  21  45
  3   0   3   1
 15  18  15  19
 25  61  25  62
 20  17  21  17
 20  60  20  61
  5  11   5  12
  1  59   2  59
 33  20  33  21
 22  46  22  47
 35  34  36  34
 13  35  13  36
 17  12  18  12
 15  38  15  39
 28  10  28  11
  1  65   1  66
 26  66  27  66
 36  36  36  37
 16  54  16  55
 14  33  15  33
  0   3   1   3
 20  44  21  44
 30  66  30  67
 36  23  36  24
 30  20  30  21
  9   3  10   3
  7  52   8  52
 17  73  17  74
 16  50  16  51
 36  71  37  71
 12  79  13  79
 21  13  22  13
  7  26   7  27
 27  49  28  49
 14  42  15  42
  7  28   7  29
 10  36  10  37
 19  43  19  44
 12  53  13  53
  6  66   7  66
  4  59   4  60
 15  69  15  70
 33  56  33  57
 24  64  24  65
 18  62  18  63
 38  37  39  37
 36  37  37  37
 26  70  26  71
  6  46   7  46
 28  37  29  37
 13  26  14  26
  9  26   9  27
 17  52  18  52
  3  40   4  40
  8  27   9  27
 10  40  10  41
 13  30  13  31
 39  32  39  33
  6  22   6  23
 24  36  25  36
 24  17  25  17
  2  61   3  61
 31  28  31  29
 12  49  13  49
 38  13  38  14
 35  20  36  20
 17  41  18  41
 22  51  22  52
  0  46   1  46
  9  63   9  64
 22   6  22   7
 21  24  21  25
  5   7   6   7
  5  35   6  35
 35  17  35  18
 37  34  37  35
 27  32  27  33
 28  66  28  67
  8  24   8  25
 16  37  17  37
 29  40  30  40
 27  30  28  30
 19  53  19  54
  5  17   6  17
 35  77  36  77
  2  29   2  30
  5  36   5  37
  2  53   3  53
 19  23  20  23
 21  14  22  14
  1  25   1  26
  7  44   7  45
 37  27  38  27
 23  48  23  49
 15  42  15  43
  5  13   6  13
 24  70  25  70
  6  32   6  33
 13   9  13  10
 29  72  29  73
 36  30  36  31
  4  79   5  79
  2  22   2  23
 37  71  38  71
 33  30  33  31
 37  32  38  32
 35  46  35  47
 36  69  36  70
 37  73  38  73
 17  47  18  47
  8  24   9  24
 23   5  23   6
 27  36  27  37
  8  47   9  47
 21  18  22  18
  2  34   2  35
 35   7  35   8
 16  52  16  53
 17  10  17  11
 18  36  19  36
 17  32  17  33
 26   1  27   1
 11  77  12  77
 25   5  25   6
 11  52  12  52
 26  31  26  32
 34  69  34  70
 24   7  25   7
 22  68  22  69
 21  16  22  16
  2  20   3  20
 22  52  23  52
 27  10  28  10
 33  37  33  38
 31  10  32  10
 14  35  14  36
  5  19   6  19
 26  44  26  45
 18  27  19  27
 19  44  20  44
  5  37   5  38
 14  14  14  15
 36  17  37  17
 12  25  13  25
 12  64  13  64
 20  28  21  28
  6  50   6  51
  7  63   7  64
 31  50  32  50
 34  34  34  35
 35  77  35  78
 37  50  37  51
 36  47  37  47
 11  39  12  39
 20  57  20  58
 12  47  12  48
  3  11   4  11
  4  18   5  18
 39   6  39   7
 17  62  17  63
 14  52  14  53
 18  29  18  30
 33  77  33  78
 37  16  37  17
 27  43  27  44
 21  46  21  47
 10  68  11  68
 36  43  36  44
 21  52  21  53
  4  48   5  48
 23  75  24  75
 14  30  14  31
  6  78   7  78
  4   0   4   1
 39  35  39  36
 10  46  11  46
 29  15  30  15
 19  48  19  49
  1  32   2  32
 28  16  28  17
 23  79  24  79
 22   2  23   2
  9  14   9  15
 27  71  27  72
 11  72  11  73
 23   2  24   2
 22  19  22  20
  2  26   2  27
  9  22   9  23
 29  38  30  38
 27  33  27  34
 21  24  22  24
 38  58  38  59
 11  15  11  16
 25   0  26   0
  8   2   9   2
  8  12   8  13
 23  36  23  37
  2  25   3  25
 19   2  20   2
 27  25  27  26
  0  40   0  41
 12  14  12  15
 18  55  18  56
 23  65  23  66
 23  50  23  51
 36   6  36   7
 33  32  33  33
 15  66  16  66
 17  57  18  57
 33  46  33  47
  8  37   8  38
 17  27  18  27
 12  54  12  55
 20   0  21   0
 38  27  38  28
  7  24   7  25
 38  36  39  36
 23  44  23  45
 13  75  13  76
 30  11  31  11
 26  26  27  26
  5  23   5  24
 28  73  29  73
 10  63  10  64
  2  14   3  14
  9  64   9  65
 17  63  18  63
 37  33  38  33
  2  29   3  29
 25  51  25  52
  1  28   1  29
  1   8   2   8
 28  42  28  43
 37  10  38  10
 14   5  15   5
 18  17  18  18
 20  63  21  63
 29  16  30  16
 29  77  29  78
 13  42  14  42
 19  65  19  66
 33  18  33  19
 13  40  14  40
 17  77  18  77
 23  76  23  77
 26  45  27  45
 33   6  34   6
 21  72  21  73
  4  72   4  73
  0  68   1  68
 10  57  11  57
 35  42  35  43
  4  42   4  43
 10  18  10  19
  8  60   9  60
 13  71  14  71
 28  77  28  78
 13   6  13   7
 23  47  23  48
 13  62  13  63
 21  60  22  60
 33  51  33  52
 37  53  38  53
 32  32  33  32
 21  43  21  44
 33  67  33  68
 26  67  26  68
 36  56  37  56
 35  43  35  44
  5  74   5  75
 22  45  22  46
 37  22  37  23
  5  45   5  46
 20  53  20  54
  3  65   4  65
 29  15  29  16
 24   4  25   4
  2  78   3  78
  7   7   8   7
 23  67  24  67
 21  47  22  47
 20  14  21  14
 18   7  18   8
  7  18   7  19
 10   2  10   3
  7  77   7  78
 11  34  11  35
 34  40  35  40
  5  26   5  27
  4   2   4   3
  8  74   9  74
 37  22  38  22
 25  21  26  21
 11  50  12  50
 34  74  34  75
  1  27   2  27
 19  55  19  56
 34  50  35  50
 23  51  23  52
 26  49  26  50
 36  42  36  43
 32  52  32  53
 15  58  16  58
 28  43  28  44
 26  40  26  41
 29   9  30   9
  1  40   2  40
 12  75  13  75
 18  46  18  47
 25  68  26  68
  6  59   7  59
  5  41   6  41
 37  24  37  25
 26  76  26  77
 32   8  33   8
 19  48  20  48
 14  76  15  76
 15  52  16  52
  8  64   8  65
 32  47  33  47
  2  38   2  39
 10   5  10   6
  6  19   6  20
 30  27  30  28
 24  45  24  46
 26  27  27  27
  6  65   7  65
 35  27  35  28
  7  13   7  14
 27  15  27  16
  1  56   1  57
 36  36  37  36
 22   3  22   4
  5  51   5  52
  4  64   5  64
  6  52   7  52
 34  29  34  30
  6  38   7  38
 37  75  38  75
 30  69  31  69
  4  13   5  13
 38  43  39  43
 30   1  30   2
 33  10  34  10
 34  56  34  57
  2  68   2  69
 22   4  23   4
  1  66   1  67
 11   9  11  10
 15  77  16  77
 36  63  37  63
 12  35  12  36
 31  10  31  11
 30  72  31  72
 37   5  37   6
 15  36  15  37
 26  57  26  58
 14  54  15  54
 24  73  25  73
 38  56  39  56
 18  63  19  63
  3  77   3  78
  0   6   0   7
 12  62  12  63
 28  32  29  32
  6   8   6   9
 24   4  24   5
  8  59   9  59
 26  23  27  23
 25  52  26  52
 38  51  39  51
  6  12   6  13
 31  58  31  59
 30  55  31  55
  9  25   9  26
 38  62  38  63
 14  22  15  22
 28   2  29   2
 15   6  16   6
 22  74  23  74
 11  66  12  66
 15  27  16  27
  1  22   1  23
  4  77   4  78
  7  45   8  45
 18  35  19  35
  7  58   7  59
  9  77  10  77
 28  67  29  67
  5  18   5  19
 34  78  35  78
 25  41  26  41
 38  41  38  42
 23  44  24  44
 13   8  14   8
 37  40  37  41
  1  53   1  54
 16  49  17  49
  2   9   2  10
 35   4  36   4
 26  68  26  69
 22  66  23  66
 38  57  39  57
  6   1   7   1
  3  74   3  75
 13  46  14  46
  7  12   8  12
 39   8  39   9
 13  28  14  28
 34   3  35   3
 33  45  33  46
  4  31   5  31
 15  62  16  62
  8  52   9  52
 21  23  21  24
 10  43  10  44
 22  60  22  61
 19  35  20  35
  3  10   3  11
  6   2   7   2
 14  64  14  65
  0  62   1  62
 37  62  38  62
  2  30   3  30
 32  33  32  34
 32  39  33  39
 16  32  16  33
 18   0  18   1
 17   6  18   6
 33  26  34  26
 20  51  21  51
 16  64  16  65
 13  20  13  21
  3  55   3  56
 30  63  30  64
 11   0  11   1
  1  41   2  41
 13  28  13  29
 22   6  23   6
  0   3   0   4
 19  51  19  52
  9  47   9  48
 18   6  19   6
  4  44   5  44
 22  40  23  40
  9  53   9  54
  5  70   5  71
  2  54   3  54
 37  65  38  65
 19  53  20  53
  7  30   7  31
  1  71   1  72
 30  37  30  38
 33  75  34  75
 35  68  35  69
  2  11   2  12
 35  26  36  26
 10  39  11  39
 11  47  11  48
  2  73   3  73
 21  68  22  68
 17  34  17  35
 20  71  21  71
 14  78  15  78
  1  36   1  37
 32  20  33  20
 22  71  22  72
 29  75  29  76
 33  46  34  46
 37  64  37  65
  2  17   3  17
 16   9  17   9
 31  47  31  48
 16  22  16  23
 15  34  15  35
 20  56  21  56
 24   1  25   1
 10  35  10  36
 38  28  38  29
  3   5   4   5
 31  55  32  55
 36  65  36  66
 12  39  13  39
 14  36  15  36
 20  62  20  63
 27  62  27  63
 25  78  25  79
 12  52  13  52
  4  45   4  46
 34  73  34  74
 17  69  17  70
 18  10  19  10
 26  10  26  11
 11  26  12  26
  7  22   8  22
 16  72  17  72
  7  73   8  73
  0  33   1  33
 10  12  11  12
 20  33  20  34
 37  57  38  57
 31  56  31  57
 13  63  13  64
  0  21   1  21
  3  24   3  25
  9  28  10  28
  2  78   2  79
 22  57  22  58
 19  20  19  21
 21  52  22  52
 24  30  24  31
 23  63  23  64
 10  72  10  73
 13  44  13  45
 20   2  21   2
 17  19  17  20
 34  33  34  34
  6  14   7  14
 11  32  12  32
 32  50  33  50
 17  22  17  23
 26  29  27  29
 12  50  12  51
 15  68  15  69
  5  53   6  53
 13  54  13  55
 16  40  16  41
 27  18  27  19
 21   9  21  10
 19  64  19  65
 10  60  11  60
  2  55   3  55
  7  32   8  32
 32   1  32   2
  4  36   4  37
 33  56  34  56
 23  72  23  73
 23   8  23   9
 25  66  26  66
 21  68  21  69
  7  14   7  15
  5  43   5  44
  0   2   1   2
 29  34  29  35
  7  51   7  52
 16  71  16  72
 17  21  17  22
 26  64  27  64
 15  54  15  55
 39  16  39  17
  0  25   0  26
 11   3  11   4
  8   5   8   6
 13  10  13  11
 38  77  39  77
  7  53   7  54
 37  61  37  62
 23  58  24  58
  6  78   6  79
 31   4  31   5
 21  45  22  45
 22  76  23  76
  6  54   7  54
 32  10  32  11
 12  65  13  65
 20  57  21  57
 17  71  17  72
  1  52   1  53
 32  67  33  67
 11  13  11  14
 37  37  38  37
 11  58  12  58
 26  52  27  52
  3  69   3  70
 10  46  10  47
 11  56  11  57
  5   6   5   7
 30   7  31   7
 26  56  27  56
 30  75  30  76
 29  21  30  21
 31  52  32  52
 24  27  25  27
 24   8  25   8
  6  31   6  32
  0  13   0  14
 32  47  32  48
 35  42  36  42
 18  51  19  51
 36   2  37   2
 22   8  23   8
 36  53  36  54
 14  75  15  75
 38  61  39  61
  9   7  10   7
  6  61   7  61
 21  77  21  78
 33  47  34  47
 33  73  33  74
  1   7   1   8
  1  13   2  13
  0  66   1  66
 37  54  38  54
 20  78  20  79
 21  16  21  17
 22  42  23  42
 38   4  38   5
 18  25  18  26
 18  19  19  19
 15  15  16  15
 15  23  15  24
 11  62  12  62
  9  68   9  69
 23  73  23  74
 37  45  37  46
 25  72  26  72
 33   1  33   2
  6  47   6  48
 38  12  39  12
 24  22  25  22
  2  31   3  31
  4  30   4  31
 30  68  30  69
 19   1  20   1
  8  29   9  29
 38  50  39  50
  1  74   2  74
  0  77   1  77
 36  46  37  46
 15  43  16  43
 12   7  13   7
  4  76   5  76
 25  11  26  11
 20  60  21  60
  6  20   6  21
 37  76  38  76
 35  19  36  19
 24  38  25  38
  7  48   7  49
  7  28   8  28
 12  57  13  57
 21  70  22  70
  8  73   9  73
  5  32   5  33
 29   1  29   2
 29  70  30  70
 39  14  39  15
 27  34  28  34
  9   5   9   6
 13  27  13  28
 23  39  23  40
 28  65  29  65
 33  40  33  41
 32  56  33  56
 30   3  31   3
 33  35  34  35
  5  73   6  73
 18  25  19  25
 10   8  10   9
 32  16  33  16
 15   6  15   7
 35  72  35  73
  0  23   0  24
 16   3  16   4
 28  78  29  78
 14  52  15  52
  2   1   3   1
 35   1  36   1
 20  69  21  69
 26  53  27  53
  7  60   7  61
 16  21  17  21
 31  75  32  75
 37   1  37   2
 20  75  20  76
 21  25  21  26
 35  50  35  51
 19  79  20  79
 29  19  29  20
 32  21  33  21
 15  51  16  51
 25   4  26   4
 18  74  19  74
 30  17  30  18
 30  12  31  12
 20  16  21  16
 14   0  14   1
 29  30  29  31
 19  74  20  74
 11  24  12  24
 26  30  27  30
 35  56  36  56
 38   4  39   4
 19  10  20  10
 18  32  18  33
 26  37  27  37
 34  39  35  39
 12  20  13  20
 24  47  24  48
  3  68   3  69
  5  41   5  42
 36  67  37  67
 29  19  30  19
 38  29  39  29
 14  59  15  59
 17  14  18  14
 31  64  31  65
 30  74  31  74
 11  31  11  32
 22  56  23  56
 38  77  38  78
 22  65  22  66
 37  64  38  64
 37  61  38  61
 32  54  33  54
 20  59  20  60
 28  31  28  32
  5  60   5  61
 26  55  27  55
 26  39  26  40
 38  48  39  48
 18   2  19   2
 11  50  11  51
 16  28  17  28
  8  57   8  58
 35  57  35  58
 36  79  37  79
 27   1  28   1
 23  18  24  18
 37  35  38  35
 15  21  15  22
 34  11  34  12
 30  28  31  28
  7   1   8   1
 23  49  24  49
 30  71  30  72
 37  49  38  49
 19  21  19  22
  4  75   5  75
 24  33  25  33
 37  77  37  78
  4  25   5  25
 16  42  17  42
 29  11  30  11
 31  60  32  60
 30  44  31  44
 22  33  23  33
 29  22  29  23
 20  70  21  70
 13  49  14  49
 22  11  23  11
 25  65  26  65
 25  75  25  76
 31  37  31  38
  3  31   3  32
 30  50  31  50
 17  56  17  57
 19  34  20  34
 32  17  32  18
 33  48  33  49
 11  46  11  47
 26  34  27  34
 11  14  11  15
 37  79  38  79
  2  70   2  71
 12  46  13  46
 25  40  25  41
 26  59  26  60
  0  68   0  69
 36   7  37   7
 31  19  31  20
 11  37  12  37
  5  24   6  24
 38  72  39  72
 27  57  27  58
  4  26   4  27
 11  43  12  43
 23  49  23  50
 24  52  24  53
 26  62  26  63
 22  44  23  44
  5   9   6   9
  1  23   2  23
  2  72   2  73
 25   3  26   3
  9  42   9  43
 14  42  14  43
 28  55  29  55
 17  27  17  28
 13  72  13  73
 33  65  33  66
  9  10  10  10
  5  58   6  58
  8  67   8  68
 37   0  38   0
 33  12  34  12
 22  39  22  40
 19  54  19  55
 21  43  22  43
  8  16   8  17
  5  42   5  43
 26  76  27  76
  5  61   5  62
 30  15  31  15
 30  26  30  27
 35  70  36  70
 38   2  38   3
 22  32  23  32
 15  56  16  56
  5  10   6  10
 26  34  26  35
 25  59  25  60
 29  18  30  18
 20  39  20  40
 28  74  28  75
 19  16  19  17
 31  50  31  51
  7  12   7  13
 13  54  14  54
 22  15  23  15
 13  15  14  15
 19  61  20  61
 24   6  24   7
 34  19  34  20
 29  62  30  62
 36  45  37  45
 14  71  14  72
 36  22  36  23
 34  21  34  22
 22  29  23  29
  0  61   1  61
 32  44  33  44
  6  51   6  52
 23  35  24  35
 20  30  20  31
 31  32  31  33
 30  39  30  40
  5  70   6  70
 35   5  36   5
 11  45  12  45
 27   8  27   9
 28  20  28  21
 28  63  29  63
 31  30  32  30
  1  40   1  41
 16  25  16  26
 30  57  31  57
 11  46  12  46
 10  66  11  66
  0  16   1  16
 26  12  27  12
 30  49  31  49
 20  39  21  39
 20   6  21   6
  2   7   2   8
 35   6  36   6
 24  53  25  53
  6   5   6   6
 16  49  16  50
 19  62  19  63
 12  17  13  17
 32  16  32  17
  7  35   8  35
 12  31  13  31
  1  21   2  21
 20  50  20  51
  5  45   6  45
 25   1  25   2
 16  56  16  57
  4  62   4  63
 14  26  15  26
 10  75  11  75
 25  62  25  63
 21  73  22  73
  8  66   9  66
 28  59  28  60
 20  13  20  14
 31  45  31  46
 23   6  23   7
 12  27  12  28
 22  45  23  45
 10   9  11   9
 16  48  17  48
 11  61  11  62
 19  43  20  43
 28  43  29  43
 23  13  23  14
 28   7  29   7
  6  24   7  24
 20  46  20  47
  5  46   5  47
 18  45  18  46
 13  68  13  69
 11   6  12   6
 36  72  36  73
 17  74  18  74
 28  58  28  59
 12   7  12   8
 25  75  26  75
 26  35  27  35
 27  53  28  53
 30  77  31  77
  7  41   8  41
  6  24   6  25
 32  59  32  60
 30   2  31   2
 21  57  22  57
 20  43  21  43
 15  74  16  74
  9  72   9  73
 38  55  38  56
  6  57   6  58
 35  23  36  23
 10   0  11   0
 16  77  16  78
 19  40  19  41
 26  13  26  14
 19  16  20  16
 21  39  21  40
 12  10  13  10
 34  68  35  68
 17   3  17   4
  4  75   4  76
 13  33  14  33
 13  75  14  75
 35  12  35  13
 34  28  34  29
 26  57  27  57
 27   3  28   3
  4  37   4  38
 16  18  17  18
 17  38  18  38
  6  49   6  50
 22  58  22  59
 17  28  17  29
 11  49  12  49
  0   4   0   5
 20  19  20  20
 12   4  13   4
 26   4  26   5
 38  32  38  33
 14  48  14  49
  1  38   2  38
 19  65  20  65
 18  21  19  21
  2  62   3  62
 28   8  28   9
 36  41  37  41
 13  45  14  45
 19  69  19  70
 36  53  37  53
 28   3  29   3
  5  12   5  13
 12  72  13  72
 20  35  20  36
  5  44   6  44
 37  44  38  44
 38  54  38  55
  6  67   7  67
  5  42   6  42
 10  52  11  52
 29  32  30  32
 31  71  31  72
  9  62   9  63
 12  19  12  20
  5  14   6  14
 34   2  34   3
  8  25   9  25
 37  19  38  19
 25  44  26  44
 27  61  28  61
  9  33  10  33
 33   5  34   5
 33  40  34  40
  8  16   9  16
 39  77  39  78
 35  73  36  73
 32  23  33  23
 19  38  19  39
 13   3  14   3
  3   2   4   2
  0  15   0  16
  8  78   8  79
 36  73  37  73
  7  27   7  28
 31  19  32  19
 18  52  19  52
 34  22  35  22
 30  54  30  55
 25  22  25  23
  5  69   5  70
 25   4  25   5
 36  44  36  45
 15  19  16  19
 38  72  38  73
 11  57  12  57
 25  49  25  50
  2  51   2  52
 14  60  15  60
  7  40   7  41
 11  12  11  13
 31  18  31  19
 38  54  39  54
  0  42   1  42
 11  11  12  11
  4  23   5  23
  7  78   7  79
 16  65  16  66
 17  15  18  15
 38  27  39  27
 10  11  10  12
 26  19  26  20
 26   4  27   4
 27  28  28  28
 34  57  34  58
  6  37   7  37
 27  56  27  57
 20  47  20  48
 29  52  30  52
 33  77  34  77
 35  58  36  58
  0  28   0  29
  1  75   2  75
 16  60  16  61
 13  58  14  58
 34  23  34  24
 38  39  38  40
  3  27   3  28
 25  24  26  24
  4   5   4   6
 26  75  27  75
 25   2  26   2
 32  36  32  37
 15  22  15  23
 24  41  24  42
  4  17   5  17
  3   9   3  10
 17  61  18  61
 26  48  26  49
 23  35  23  36
 28  12  29  12
 39  66  39  67
 32  61  32  62
 14   5  14   6
 16  30  17  30
  6  16   7  16
  7   9   7  10
  0  69   1  69
 35  40  36  40
 23   0  24   0
  4  70   4  71
 16  73  16  74
  8  69   9  69
 19   3  19   4
  2  39   3  39
 14   3  15   3
 36   8  37   8
  5  27   5  28
 38  45  39  45
 26  58  27  58
 26  77  26  78
 30  77  30  78
  8  64   9  64
 20  10  21  10
 32  50  32  51
 16  62  17  62
 39  67  39  68
 21  31  21  32
 34  15  35  15
 32  28  33  28
 16  75  16  76
 32  30  32  31
 30  17  31  17
 29  50  30  50
 23  30  24  30
 22  31  22  32
 23  18  23  19
 36  78  36  79
 19  28  19  29
 16  45  17  45
 11  60  11  61
 22  54  22  55
 35   9  36   9
 14  58  14  59
 25  48  26  48
  0   5   1   5
  2  16   3  16
  2  42   2  43
  4  39   4  40
  0  32   1  32
 26  28  27  28
 37  55  37  56
 29  68  30  68
 33  34  34  34
  9  56  10  56
 29  28  30  28
  1  19   2  19
 15  11  15  12
 32  51  33  51
 36  58  37  58
 27  28  27  29
 17  25  18  25
 37   3  37   4
 16  58  17  58
 12  13  12  14
 18  23  19  23
 34  16  34  17
 11  35  12  35
  9   4   9   5
 25  24  25  25
 13  56  14  56
 36  18  37  18
  8   7   9   7
 35  22  35  23
  2   0   3   0
 12  32  12  33
 19  56  20  56
 28  29  28  30
  6  41   6  42
 13  42  13  43
 16  24  16  25
 15  71  15  72
 36  33  37  33
  0  74   1  74
  9  26  10  26
 15  24  16  24
 29  32  29  33
 13  52  14  52
  8  18   8  19
  0  22   0  23
 25  59  26  59
 18  73  18  74
 17  31  18  31
  8  10   8  11
 37  69  38  69
  8  37   9  37
 32  54  32  55
 29  45  30  45
  8  60   8  61
 29  17  29  18
  7  59   8  59
 31  34  32  34
 28  51  28  52
  6  21   6  22
  4  10   4  11
 20  20  20  21
 36  44  37  44
 33  33  33  34
  7  70   7  71
 35  56  35  57
 31  29  31  30
  7  66   7  67
 10  71  10  72
 23  77  23  78
  7  19   7  20
  2  41   2  42
  2   8   3   8
 32  61  33  61
 36  61  36  62
 23  20  24  20
 39  38  39  39
 22   1  23   1
 25  74  26  74
 12  66  12  67
  1  71   2  71
 12  29  12  30
 28  65  28  66
 11  70  12  70
 19  73  20  73
 31  59  31  60
 32  22  32  23
  2  67   3  67
  2  62   2  63
  1  69   2  69
 28  54  29  54
 20  32  21  32
 32  68  32  69
 32  62  33  62
 34  47  35  47
  2  32   3  32
 14  17  15  17
 29  37  30  37
  3  76   3  77
 28  60  28  61
  7  31   7  32
 24  75  24  76
 25  60  26  60
 25  53  26  53
 18  60  19  60
 11  25  12  25
 33   9  34   9
 28  16  29  16
 12  70  12  71
 23  59  24  59
  2  40   3  40
 31  23  31  24
 22  39  23  39
 33  55  34  55
 35  48  36  48
 30  25  30  26
 29  38  29  39
 28  55  28  56
 13   1  14   1
 22  41  22  42
 18  18  18  19
 37  39  38  39
 37  60  37  61
 24  28  24  29
 20   3  20   4
 31  70  31  71
 35  54  36  54
 12  73  12  74
  9  44   9  45
 31  73  32  73
 32  13  33  13
 16  47  16  48
  1  50   2  50
  1  17   1  18
  2  58   2  59
 37  21  38  21
  6   4   7   4
 11  54  11  55
  7  75   8  75
 24  15  24  16
 34  55  35  55
 38  31  39  31
  0  50   1  50
 20  77  20  78
  9   1   9   2
 24  76  25  76
 21   3  21   4
  5  32   6  32
 11  75  12  75
 13   7  13   8
  9  36   9  37
 24  27  24  28
  6  19   7  19
  5  40   5  41
  1   6   1   7
 27  26  27  27
 29  20  29  21
 24  46  25  46
 20  64  20  65
 34  16  35  16
  2  35   3  35
 11  22  11  23
 22  77  22  78
 31  40  31  41
  8  42   9  42
 23  56  23  57
  2  73   2  74
 33  28  34  28
 15  30  16  30
 24  40  25  40
 18  50  18  51
  8  23   8  24
 17  59  18  59
 15  16  15  17
  8   2   8   3
 27  44  27  45
 35  13  35  14
 35  31  36  31
 25  66  25  67
 29  27  30  27
 33  62  34  62
 29  63  30  63
 19  26  19  27
  1  20   2  20
 34  33  35  33
 27  17  27  18
 35  73  35  74
  5  21   5  22
 21  23  22  23
 21  30  21  31
 26  65  27  65
 35   0  35   1
  0  74   0  75
 26  32  26  33
 30  42  30  43
 26  60  27  60
 10  19  10  20
 31  68  32  68
 12  26  12  27
 16  73  17  73
 15  75  15  76
 25  35  25  36
  8  74   8  75
 30  11  30  12
 19  22  20  22
 13  50  13  51
 17  53  17  54
 35   5  35   6
  6  63   6  64
 24  40  24  41
 11  64  11  65
 21  27  22  27
 36  26  37  26
 14   2  15   2
 28   6  29   6
  9  47  10  47
 24  77  25  77
  0  56   1  56
 38   7  39   7
 18  72  19  72
 32   3  33   3
  3  13   3  14
 18   7  19   7
  8  40   9  40
 27   4  27   5
  3  34   3  35
 16  30  16  31
 20  73  20  74
 34  60  35  60
 18  14  19  14
 24  50  24  51
 19  12  20  12
 23  29  23  30
 13  23  14  23
  5  53   5  54
 20  45  20  46
  9  30  10  30
 16  65  17  65
 29  69  29  70
 19  36  20  36
 18   4  19   4
 12  30  12  31
 36  39  36  40
 31   3  32   3
 27   3  27   4
  9   6   9   7
 38  66  38  67
 11  29  11  30
  1  50   1  51
 30  43  30  44
  1  46   1  47
 18  32  19  32
 35  14  36  14
 21   3  22   3
  9  54   9  55
 15  48  15  49
 29  74  29  75
 21  11  22  11
  4  14   5  14
  9  51  10  51
 11   9  12   9
 32  63  33  63
 11  48  11  49
 23  24  23  25
 30  76  30  77
 10  64  10  65
  0  12   0  13
 14  13  15  13
 31  22  32  22
 37  18  38  18
 14  63  14  64
 14  53  14  54
  9  11  10  11
 30  67  31  67
 25  34  26  34
  8  61   8  62
 12  32  13  32
  4  20   4  21
 27  12  28  12
 22  77  23  77
 24  24  24  25
 23  66  23  67
 13  76  13  77
 33  44  33  45
 31  51  31  52
 30  22  30  23
 24  63  25  63
 20  74  20  75
  8  65   8  66
 14  32  15  32
 19  24  20  24
 21  19  21  20
 13  18  13  19
  7  42   7  43
  1  37   2  37
 27  13  27  14
 11  63  11  64
 12  10  12  11
  2  55   2  56
 29  53  29  54
 28  25  28  26
 17  16  18  16
 16  75  17  75
 30  19  30  20
  4  73   4  74
 14  27  15  27
  1  36   2  36
  3  13   4  13
 34  62  35  62
  2   2   3   2
  6  53   7  53
 17  39  18  39
 16  78  17  78
 22  42  22  43
 10  51  11  51
 35  12  36  12
 10   5  11   5
 37   7  38   7
  8  15   9  15
  1  49   2  49
 21  28  22  28
 33   7  33   8
 14  10  14  11
  0   8   1   8
 27  29  28  29
  0  12   1  12
  6   4   6   5
  3  60   3  61
 33  63  33  64
  5  47   5  48
 14   9  15   9
 30  70  30  71
 38  49  39  49
  8  76   8  77
 19  18  19  19
 23  59  23  60
 14  22  14  23
 29   3  29   4
 19  57  20  57
 29  24  30  24
 39  27  39  28
 14  65  14  66
 12  57  12  58
 23  50  24  50
 36  75  36  76
 32  69  32  70
  5  29   5  30
 10  54  10  55
 36  31  36  32
 30  33  31  33
 26  21  26  22
 38  51  38  52
 21  48  21  49
 12  18  13  18
 36  51  37  51
 19  33  20  33
 22  35  23  35
 15   4  16   4
  1   9   1  10
 12  71  13  71
 28  18  28  19
  4  25   4  26
 37  51  38  51
 16   1  17   1
 27   7  27   8
  4  32   4  33
 19   6  19   7
 24  29  24  30
  3  22   3  23
  9  75  10  75
  0  76   0  77
  9  35  10  35
  6   0   7   0
  0  75   0  76
 35   3  35   4
 23  15  24  15
 32  15  33  15
  0  28   1  28
 33  21  34  21
  6  11   7  11
 38  33  39  33
 26  25  26  26
  8  12   9  12
 38  42  39  42
 14  44  15  44
 34  39  34  40
 16  46  16  47
 37  38  37  39
 25  37  25  38
 31  30  31  31
 12  38  13  38
 26  73  27  73
 28  64  29  64
 20  53  21  53
 18  77  19  77
  1  43   1  44
 18  12  18  13
 31   0  32   0
 34  53  35  53
 10  71  11  71
 27   9  27  10
  6  30   7  30
  3  36   4  36
 19  13  19  14
 15   2  15   3
 14  16  14  17
 21  78  22  78
  0  36   1  36
 29  46  29  47
 28  56  28  57
 10  50  11  50
 33  30  34  30
 27  51  28  51
 17  36  18  36
 29  34  30  34
 11  29  12  29
 10  67  10  68
  2  74   2  75
 14  55  15  55
 25  40  26  40
 37  11  37  12
 24  41  25  41
 15  46  15  47
 29  56  29  57
 22   4  22   5
  8  50   9  50
 37  48  38  48
 39  45  39  46
  5  56   6  56
 18   9  18  10
 11  33  12  33
 13  24  14  24
  0  49   1  49
  6  35   7  35
 32  35  33  35
 31   7  32   7
  3  52   4  52
 23  28  23  29
 10  53  11  53
  6  53   6  54
 15  73  16  73
 28   1  28   2
  5  57   6  57
 29  39  30  39
 13  32  14  32
  1  68   2  68
 22  62  23  62
 37  19  37  20
 19  27  19  28
  6  16   6  17
 38  41  39  41
 34  38  35  38
 37   4  37   5
  8  44   9  44
 27  21  27  22
 10  28  10  29
  6  75   6  76
  5  73   5  74
  7  47   7  48
 21  62  21  63
 19  75  20  75
 34   5  34   6
 20  71  20  72
 13  29  14  29
 13  79  14  79
 23  70  23  71
 38  23  38  24
 31  51  32  51
  3  35   3  36
 37  12  38  12
  4  48   4  49
 18  11  18  12
  3  60   4  60
 23  24  24  24
 12  66  13  66
 33  61  34  61
 15  64  16  64
 27  55  28  55
 10   6  11   6
 12  48  12  49
  7  10   7  11
 16  21  16  22
  7  61   7  62
  8  29   8  30
 15  63  16  63
  3  48   3  49
 16  64  17  64
 36  14  37  14
 21  49  22  49
 14  46  15  46
  1   5   1   6
 33  64  33  65
  6  31   7  31
 19  64  20  64
 22   7  23   7
 13  44  14  44
  3  39   3  40
 27  64  27  65
 11  15  12  15
  3  57   4  57
  0  29   0  30
 15  17  15  18
  7  34   7  35
 30  25  31  25
  4  51   4  52
 17  18  17  19
  5   3   6   3
  3  55   4  55
 18  15  18  16
 26  69  26  70
  0  26   1  26
 18  79  19  79
 18  37  19  37
  1  42   1  43
 30  55  30  56
 23   5  24   5
 32  29  32  30
  9  27   9  28
 10  70  11  70
 19  59  20  59
 24  28  25  28
 22  75  23  75
  7  18   8  18
 18  39  18  40
 36  33  36  34
  5  67   6  67
 30  44  30  45
 35  53  36  53
  8  55   8  56
 21  26  21  27
 14   4  15   4
  1   7   2   7
 22  72  22  73
 14  12  15  12
  8  28   8  29
 24  25  25  25
 11  19  12  19
 25  34  25  35
 15  61  15  62
 28  52  28  53
 24  69  24  70
  2  76   2  77
 15  50  15  51
  8  70   9  70
 32  60  32  61
 26  24  27  24
 10  27  11  27
 12   0  13   0
 38  28  39  28
 32  25  32  26
 17  36  17  37
 15  37  16  37
  0  72   0  73
  0  10   1  10
 14  29  14  30
 31  69  31  70
 27  63  28  63
 36  74  36  75
 32  46  32  47
  6  33   7  33
 32   7  32   8
 11  70  11  71
 30  21  30  22
 27  73  27  74
 14  50  14  51
 37  48  37  49
 15  34  16  34
 15   8  16   8
 29  47  30  47
 12  23  12  24
  6  43   7  43
 16  14  17  14
 31  72  31  73
 31  21  31  22
 15  49  16  49
  8  58   8  59
  7   0   7   1
 30  67  30  68
 34  42  35  42
 35  27  36  27
 39  78  39  79
  3  73   3  74
  5  15   6  15
  8  48   8  49
 25  53  25  54
 25  12  25  13
  8  22   8  23
 26  49  27  49
 11  65  12  65
 11  40  11  41
 24  66  24  67
 27  40  27  41
  9  23  10  23
 38  10  38  11
  3  42   3  43
  2  39   2  40
 29  10  29  11
  6  54   6  55
 17  62  18  62
 12   6  13   6
 21  22  22  22
 20  68  20  69
 13  70  13  71
  1  67   2  67
 25  28  26  28
  2  24   3  24
 39  55  39  56
  8  70   8  71
 34  36  34  37
 16  74  16  75
 12  56  13  56
 24  58  25  58
  3  30   3  31
  7  38   7  39
 14  62  14  63
  0  64   0  65
 20  17  20  18
 36  71  36  72
  4  57   4  58
 12  78  13  78
 31  32  32  32
  1  11   1  12
 16  56  17  56
 18  42  18  43
  6  40   7  40
 36  22  37  22
 36  56  36  57
 27   5  27   6
 37  76  37  77
 15  31  15  32
 14  46  14  47
 12  39  12  40
 20  37  20  38
 22   1  22   2
  6  55   7  55
  4  33   4  34
 12  29  13  29
 35  45  36  45
 13  47  13  48
 21   8  21   9
 37  23  37  24
  1   9   2   9
 31  59  32  59
  1  42   2  42
 18   8  19   8
 15  19  15  20
 24  15  25  15
 11   8  12   8
  3  57   3  58
 37  31  38  31
 27  17  28  17
 34  17  34  18
 16  76  16  77
  6   7   7   7
 37  15  38  15
 14  59  14  60
 12   6  12   7
 31   6  32   6
  3   4   4   4
  0  24   0  25
 15  61  16  61
 25  58  26  58
 30  52  31  52
 18  31  19  31
 20  31  20  32
 14  34  14  35
  2  44   2  45
 20   6  20   7
 19  51  20  51
 17  37  17  38
 18  72  18  73
 21  32  21  33
 25   9  25  10
 34  72  35  72
  1  59   1  60
 29   7  30   7
  8  62   9  62
  7  21   8  21
 28  73  28  74
 22  47  23  47
 35  43  36  43
 38  35  39  35
  8  18   9  18
 26  45  26  46
 19  54  20  54
 17  25  17  26
 20  23  21  23
 31  53  32  53
 14  10  15  10
 36  60  37  60
 30  26  31  26
  8  67   9  67
 34  70  35  70
 25  46  26  46
  5  57   5  58
 17  72  18  72
  4   5   5   5
 28  76  29  76
  2  66   2  67
  8  14   9  14
 14  50  15  50
 11  67  12  67
 31  45  32  45
 25   0  25   1
 33  53  33  54
 16  55  17  55
 17  45  18  45
 28  79  29  79
  6  29   6  30
  8  73   8  74
  6  68   6  69
 27  68  27  69
 21  75  21  76
 31  17  32  17
  5  19   5  20
 19  58  19  59
 31   7  31   8
 34  18  35  18
  5  40   6  40
 38  73  38  74
 21  20  22  20
 23  65  24  65
 16  76  17  76
 19  75  19  76
  6  45   7  45
 25  18  25  19
  2  56   3  56
 19  63  20  63
 30  74  30  75
 31  34  31  35
  7  71   8  71
 32  12  33  12
 37  46  37  47
 17  49  17  50
  2  10   3  10
  4  69   4  70
 21  76  21  77
 16  11  17  11
 30  56  31  56
 14  58  15  58
 29  48  29  49
 39  70  39  71
 15   3  16   3
  8  34   8  35
  3  46   3  47
 25   7  25   8
 17  30  17  31
  3  72   3  73
  6  30   6  31
 16  52  17  52
 33  17  34  17
 24   3  25   3
  0  51   0  52
 16  27  16  28
 26   7  27   7
 17  75  18  75
 38  69  38  70
  8  71   8  72
  7  49   8  49
 30   4  31   4
  9  16   9  17
 37  29  38  29
 36  74  37  74
 24  73  24  74
 15  64  15  65
 33  65  34  65
 28   0  29   0
 23  40  24  40
 24  49  25  49
  3  62   4  62
 24  68  24  69
 32  13  32  14
  9  31   9  32
 15  79  16  79
 11  68  11  69
 14  12  14  13
  0  34   1  34
 22  48  22  49
 21  17  21  18
  4  49   4  50
 27   0  28   0
 18  26  19  26
 13  50  14  50
 34  22  34  23
 38  74  38  75
  6  11   6  12
 25  15  26  15
  5  48   6  48
 13  64  13  65
  7  37   8  37
 30  24  31  24
 34  54  34  55
 17  17  18  17
 14  56  15  56
 16  18  16  19
 24  32  25  32
 18  46  19  46
 23  69  24  69
 16  68  17  68
 18  43  18  44
  0  39   0  40
  6  61   6  62
 23  55  23  56
 21  58  22  58
 33  37  34  37
 15   9  15  10
 22  65  23  65
  5  31   5  32
 24  44  25  44
 23  22  24  22
  7  63   8  63
 14  51  15  51
 17   6  17   7
 16  63  17  63
 21  29  21  30
 24  12  25  12
 29  35  30  35
 33  68  33  69
 10  20  10  21
 15  28  16  28
 29  25  30  25
 34  58  35  58
 23  11  23  12
 16  37  16  38
  2  48   3  48
 33   1  34   1
 26  18  27  18
 11  40  12  40
 23  19  23  20
  3  46   4  46
  0  30   1  30
  8  44   8  45
 13  16  14  16
 20  66  20  67
 32  40  32  41
 37  38  38  38
 31  69  32  69
 29  39  29  40
  2  17   2  18
 19  76  20  76
 17   2  17   3
 17  42  17  43
  0  49   0  50
 15  62  15  63
 25  25  26  25
 13  41  13  42
  4  53   4  54
 36   8  36   9
 26   8  27   8
  6  10   6  11
 16  26  17  26
 37  14  38  14
  8  66   8  67
 16  47  17  47
  1  60   1  61
  4  15   4  16
  3   3   3   4
 20  61  20  62
  7  13   8  13
 22  14  23  14
  8   0   9   0
 11  75  11  76
  8  45   8  46
  0  66   0  67
 37  43  38  43
 33  78  34  78
 19  76  19  77
 24  65  25  65
 10  30  10  31
  7  55   7  56
 12  41  13  41
 15  21  16  21
 11   1  12   1
 15   1  16   1
 29   4  29   5
 20  29  21  29
 26  66  26  67
 27  46  27  47
 13   0  13   1
 15  35  16  35
 38  63  39  63
 39  59  39  60
  5  34   5  35
 37  18  37  19
 37  47  38  47
 13   8  13   9
 14  39  15  39
  8  54   8  55
 33  23  33  24
 20  43  20  44
 17  58  18  58
  7   8   8   8
 25  74  25  75
 36  46  36  47
 29  75  30  75
 10  19  11  19
  3  43   4  43
  8  25   8  26
 15  53  15  54
  5  60   6  60
 13  58  13  59
 15  71  16  71
 11  18  12  18
 28  74  29  74
 33  69  33  70
 30   0  30   1
 16  78  16  79
 10  61  10  62
 24  79  25  79
  0  47   0  48
 23  21  24  21
  7  39   7  40
 33  10  33  11
 11  21  11  22
 11  35  11  36
 31  60  31  61
  5  46   6  46
 18  41  18  42
 16  17  17  17
 10  52  10  53
  7  16   7  17
 36  63  36  64
 23  23  23  24
 10  37  11  37
 15  72  15  73
 13  69  14  69
 38   5  39   5
 28  40  28  41
 37   2  37   3
 30   5  30   6
 29   8  29   9
 24  19  25  19
 10  56  11  56
 23  60  23  61
 22   5  22   6
  9  54  10  54
 10  26  11  26
 13  77  14  77
 11   4  12   4
  3  77   4  77
 10  57  10  58
  2   6   2   7
 37  12  37  13
 13  59  13  60
 34  46  35  46
 17  42  18  42
 36  24  37  24
  1  79   2  79
 30  52  30  53
  1  22   2  22
 35  59  35  60
 35  51  35  52
 12  35  13  35
 23  34  24  34
 31  21  32  21
  2  27   2  28
 17   0  17   1
 35  32  36  32
  4  61   5  61
  4  29   5  29
 32  65  32  66
  5  33   5  34
 19  56  19  57
  3  41   4  41
  7  20   7  21
 12  16  13  16
  0  59   1  59
 33  39  34  39
 28  47  28  48
 11  55  12  55
 31  44  31  45
 21  76  22  76
 22  15  22  16
 16  36  17  36
 11   1  11   2
 11  22  12  22
  3  29   4  29
 15  42  16  42
 14  39  14  40
 22  48  23  48
 30  54  31  54
 36  77  36  78
 13   4  14   4
 27  68  28  68
  4  68   4  69
 20  58  20  59
 33  31  34  31
  4  66   5  66
 11  27  12  27
 34  46  34  47
 35  54  35  55
 28  45  29  45
  6  33   6  34
 14  61  15  61
 28  14  29  14
 33  54  33  55
 39  46  39  47
 30   9  30  10
 35  76  35  77
 13  39  14  39
 21  38  21  39
  2  75   3  75
  3  47   4  47
 30  47  30  48
 32  15  32  16
 10  30  11  30
  8  39   9  39
 20  62  21  62
 37   0  37   1
 24  57  24  58
 18  59  18  60
 22  29  22  30
 22  16  22  17
 18  70  18  71
 16   9  16  10
 21   2  22   2
 38  26  39  26
 14  77  15  77
 23  27  23  28
  7  22   7  23
 19  77  20  77
  3  53   3  54
  9   0  10   0
 29  14  29  15
 17  64  18  64
 26  72  26  73
 34  14  35  14
  5  79   6  79
 25   6  26   6
  1  43   2  43
 27  78  28  78
 10  75  10  76
 32  56  32  57
 25  15  25  16
 39  73  39  74
 23  57  24  57
 36  11  36  12
 22  73  22  74
  2  53   2  54
 11  73  11  74
 33  72  34  72
 16  16  17  16
 34  71  34  72
  1  34   2  34
 19  52  20  52
  0  56   0  57
  0  78   0  79
  4  62   5  62
 38  22  38  23
  1  17   2  17
  5  75   6  75
  6   1   6   2
