MAZE 56 112
 23  36  23  37
  9  49   9  50
 12  82  13  82
 54  53  55  53
 22  35  23  35
 24  59  25  59
  1  65   1  66
 54  12  55  12
 19  41  20  41
 50  47  51  47
 35  59  36  59
 54  30  54  31
 16  74  17  74
 35  67  35  68
 18  48  19  48
 44  62  44  63
 41  46  42  46
 41  91  42  91
 13 106  13 107
 49  48  50  48
 39  63  40  63
 37  75  38  75
 44  61  44  62
  6  58   6  59
 26  30  26  31
 12  66  13  66
 10  66  11  66
 17  33  17  34
 20  29  21  29
 14  50  14  51
 34  55  35  55
 47 110  47 111
  2  38   2  39
 15  77  15  78
 31  65  32  65
 23  64  23  65
 18   7  19   7
  7  63   7  64
 27  36  28  36
  9  84   9  85
 13 110  13 111
 10  32  10  33
 32  36  33  36
 43 103  43 104
 38  50  38  51
  4   7   4   8
  2  66   3  66
 39  86  39  87
 47  53  47  54
 22  77  22  78
  3  17   3  18
 36  34  37  34
 24  29  25  29
 16 108  16 109
  0   1   1   1
  5  73   5  74
 36  44  36  45
 27 110  27 111
 55  12  55  13
 39  97  39  98
 36  99  36 100
 42  19  42  20
 29  87  30  87
 46  91  46  92
 43  90  44  90
 37  78  37  79
 48  87  49  87
 38  39  38  40
  4  42   4  43
 37 105  37 106
 24  66  25  66
 26 109  27 109
 45  81  45  82
 19  27  20  27
 48  86  48  87
 50  55  51  55
 45   3  45   4
 52  88  53  88
  2 105   2 106
 33  31  33  32
 14  11  14  12
 50  19  50  20
 38  13  39  13
 24  36  24  37
  0 108   0 109
  1  39   2  39
 29  48  30  48
  6 105   7 105
 54  73  54  74
  8  75   9  75
 33  65  33  66
  7  76   7  77
 37  70  37  71
 50  76  51  76
 32  27  33  27
 15 106  16 106
 33 105  33 106
 53 110  54 110
 31  30  32  30
 14  10  14  11
 35  73  35  74
 48 109  48 110
 14 109  15 109
 38  54  38  55
 29  14  29  15
 41  92  41  93
 34  26  35  26
  5   8   5   9
 23  19  24  19
 28   3  28   4
 33  33  34  33
  3  70   4  70
 35  40  35  41
 39 109  40 109
  8  77   8  78
 41  74  41  75
 39  19  39  20
 53  75  54  75
  7 105   7 106
 21  57  22  57
 17 105  18 105
 47  39  48  39
 32   1  33   1
 12  63  13  63
  0  24   1  24
 18  37  18  38
 14  46  14  47
 43  10  43  11
 44   7  45   7
 25  21  26  21
 10  78  10  79
 25   3  25   4
  0   6   1   6
 49  67  50  67
 48  91  49  91
 37 108  37 109
 18  40  19  40
 38  28  39  28
  9  18  10  18
  5  99   6  99
 37  95  37  96
 36  67  36  68
 40  96  40  97
 23 107  23 108
 32   8  33   8
 49 105  49 106
 36  98  37  98
 33  55  33  56
 41  36  42  36
 33  37  33  38
 14  49  15  49
 36  43  37  43
 21   3  22   3
 52  46  52  47
 16  91  17  91
 46  80  47  80
 17  55  18  55
 49  60  50  60
 35  56  35  57
 30   4  31   4
 51  94  52  94
  4  87   5  87
 44 103  45 103
  2  43   3  43
 39  32  40  32
 37  83  37  84
 20 110  20 111
 51   7  51   8
 22   7  23   7
 53   2  54   2
 10 105  11 105
 51  33  52  33
 42 109  43 109
  8  88   8  89
 41  47  41  48
 19  88  19  89
 47  29  48  29
 24  67  24  68
 24  48  25  48
 28  81  28  82
 51  75  51  76
 13  41  14  41
 47  26  47  27
 35  43  36  43
 26  80  27  80
 15  16  15  17
 14  79  15  79
 43  57  43  58
  2  20   2  21
 49  13  50  13
  9 105  10 105
 21  23  22  23
 47  22  47  23
  6  36   6  37
 47   2  47   3
 13  57  13  58
  1  96   2  96
  4  43   5  43
 50  39  50  40
 43   5  43   6
 37 108  38 108
 40  25  40  26
 36   1  36   2
 36  56  37  56
 53  81  54  81
 32 106  33 106
 11  77  12  77
 22  71  23  71
 45  26  46  26
 51 102  51 103
 21  47  21  48
 45  76  46  76
 40  82  41  82
 12  25  13  25
 34  41  34  42
  1  16   1  17
 35  46  36  46
 36   6  37   6
 17   5  18   5
 40  37  41  37
  2  96   3  96
 51  70  52  70
 32  93  33  93
 25  91  26  91
 34  22  34  23
 33  67  33  68
 14  36  15  36
 28  10  29  10
 40 107  41 107
 37  20  37  21
 31   1  32   1
  9  29   9  30
 30  80  31  80
 43  42  44  42
 12 107  12 108
 41  14  42  14
  1  97   2  97
 53   3  54   3
 18  95  19  95
 11   1  12   1
 34  43  35  43
 54  81  54  82
  2 107   2 108
 37  31  38  31
 36  55  36  56
 17   3  17   4
 26  19  27  19
 42  16  42  17
 37  44  38  44
 53   6  53   7
 54  54  55  54
 47 107  48 107
 24  31  25  31
 34  40  34  41
 54  59  55  59
 47  25  48  25
 52   4  53   4
  5 104   6 104
  8  90   8  91
  7  44   7  45
 12 110  12 111
 27 100  27 101
  2  92   2  93
 44  11  45  11
 20  52  21  52
 15  92  15  93
  3  75   4  75
  3  94   3  95
  7  71   7  72
 15   6  15   7
 41  69  42  69
 11  52  11  53
 32  69  33  69
 36  39  36  40
 42   4  43   4
 52  13  53  13
 15  51  16  51
 35  28  35  29
  9  25   9  26
 13  63  14  63
 43 105  44 105
 32 106  32 107
 13  23  13  24
  8  97   8  98
  7  29   8  29
 41  72  42  72
 49  74  49  75
 35  23  35  24
 24  33  24  34
 11  18  11  19
 28  26  28  27
  3  46   3  47
  5  66   5  67
 14 104  15 104
 42  81  42  82
 29  83  30  83
  6  80   6  81
 39  46  40  46
 16  57  16  58
 26   9  27   9
 32  59  33  59
 20  98  21  98
 30   3  30   4
  8  94   9  94
 47  20  48  20
 15   1  15   2
 30  41  31  41
 52   9  52  10
 24 106  25 106
  8  95   9  95
 42  68  43  68
 46   3  46   4
 40  45  41  45
 42 103  43 103
 48  91  48  92
 34  66  35  66
 44  43  45  43
 40  93  40  94
 11  35  12  35
  9  18   9  19
 15  57  15  58
 22  50  22  51
 31  48  32  48
 20  55  21  55
 33  83  34  83
 36   4  37   4
  0  19   1  19
 24  99  25  99
  6  17   6  18
 25  76  25  77
 33  46  33  47
 31   6  31   7
 12   3  13   3
 40  72  41  72
 54   5  54   6
  5  19   6  19
 51  49  52  49
 24  80  25  80
 36  53  37  53
  0  39   0  40
  9  70  10  70
 50  70  51  70
 45  37  46  37
 41  42  42  42
 31  34  31  35
 17  66  17  67
 51  24  51  25
 46 108  46 109
 37  80  38  80
  4  13   5  13
  9  76   9  77
  9  12  10  12
 32  42  32  43
 49   2  50   2
  4 104   4 105
 24 101  25 101
 39  78  39  79
 21  58  21  59
 37  90  37  91
 33 102  34 102
 53  11  53  12
 41  15  41  16
  9  25  10  25
 14  55  14  56
 20  42  20  43
 22  48  22  49
 14  88  14  89
  8  78   8  79
 15  53  15  54
 25  41  25  42
 39  12  39  13
 14  91  15  91
 28  50  28  51
 21  88  22  88
 45  48  45  49
 19  44  19  45
 12  37  13  37
 53  76  54  76
 10 102  11 102
 38  25  39  25
 53  16  54  16
 40 103  40 104
 21   4  22   4
 39  94  39  95
 46  98  46  99
 42  51  42  52
 13 109  13 110
 38  53  38  54
 27  65  27  66
 10  42  11  42
 28  30  29  30
 12  91  13  91
 17 106  17 107
 46  66  47  66
 47  23  47  24
  5  79   5  80
 38  34  39  34
 43  94  43  95
 43  68  44  68
 43  58  43  59
 46  68  46  69
  7  71   8  71
 19  86  19  87
 39  52  40  52
 37  70  38  70
 19  15  19  16
  2  94   2  95
 15  58  15  59
 23   4  23   5
 23  31  24  31
  4  69   5  69
 31  31  31  32
 48  57  48  58
 33  61  33  62
 51   9  52   9
 32  73  33  73
 27  52  27  53
 15  72  16  72
 19  52  19  53
 18  25  18  26
 40  77  41  77
 46  75  47  75
 34  27  34  28
  4 102   4 103
  0  70   1  70
 46  30  46  31
 36  88  37  88
 53  81  53  82
 27  97  28  97
 36  68  36  69
 47  52  47  53
 20  27  21  27
 26 110  26 111
 10  96  11  96
 21  71  21  72
  8  32   9  32
  5  18   5  19
 45  31  46  31
 12  89  12  90
 42   8  42   9
 16  65  17  65
 30  42  31  42
 32  77  32  78
  2  28   2  29
 14  93  15  93
 22  26  23  26
 10  34  11  34
 41  29  42  29
 35  33  36  33
 15   2  15   3
 36  87  36  88
 45  99  45 100
 28 103  28 104
 38  97  39  97
 15  52  16  52
 28  75  28  76
 49  79  49  80
 11  18  12  18
 46  70  47  70
 54  13  54  14
 52  69  52  70
  6  56   6  57
 27  70  28  70
 46  63  47  63
 47 103  48 103
 48  14  48  15
 36  30  37  30
 45  25  45  26
 54  40  55  40
 25   4  25   5
 21  24  21  25
 40  13  41  13
 49  51  50  51
 16  11  16  12
 43  18  44  18
 49   3  49   4
 50  66  50  67
 42  79  43  79
 20  50  20  51
 43  23  44  23
 31  31  32  31
 18  27  18  28
 46  19  47  19
  4  54   5  54
 34  54  35  54
 40  59  41  59
 23  27  24  27
 35 110  36 110
 35  54  36  54
 46 109  47 109
 35  91  36  91
  6  40   6  41
 54 105  55 105
  9  85  10  85
 53 104  54 104
  4  81   4  82
 20  88  21  88
 23  21  24  21
 18  73  19  73
 46  28  46  29
 34  83  35  83
 40  96  41  96
 32  32  32  33
 11 104  12 104
 36 100  37 100
 48  39  49  39
 11  73  12  73
 36   1  37   1
 53  20  54  20
 54  57  55  57
 21  60  22  60
  2   4   2   5
  7  31   8  31
 41  93  41  94
 25  88  26  88
 31  81  31  82
 37  29  37  30
 24 101  24 102
 20  19  21  19
 25  61  26  61
 27 106  27 107
 32   5  33   5
 14  99  15  99
 34  82  35  82
 53  48  53  49
 15  29  15  30
 31  59  31  60
 23  23  24  23
  6  97   7  97
 29  73  29  74
 45  78  46  78
 51  68  52  68
  4 106   4 107
 55  86  55  87
 29  80  29  81
 50  62  51  62
 11  91  12  91
 48   4  48   5
  7  27   8  27
 35  29  35  30
 36  23  36  24
 11  23  11  24
 42  94  42  95
 39  81  40  81
 21  50  22  50
 33 106  34 106
 25  20  25  21
 37  24  38  24
 26  70  27  70
 49  39  50  39
 24  18  25  18
 16 103  17 103
 39  76  40  76
 34  34  35  34
  8  21   9  21
 11  34  12  34
 10   4  11   4
 46  61  46  62
 11  88  12  88
  6  15   7  15
 19  92  19  93
  7  44   8  44
 38  96  39  96
  8  35   9  35
 34  85  34  86
 50  27  51  27
 54  50  54  51
 53  33  53  34
 44  19  44  20
  2  71   2  72
 50  65  51  65
 39  33  40  33
 17  43  17  44
 44  40  45  40
 53 108  53 109
 43  13  43  14
 47  99  47 100
 39  80  39  81
  0  84   1  84
  2  70   3  70
 40  41  41  41
 50  25  51  25
 29   7  29   8
 16  13  17  13
 49  75  50  75
 24  22  25  22
 17 108  18 108
 48  78  48  79
 26  42  26  43
 47   4  48   4
 17   9  18   9
  4   1   5   1
  8  27   9  27
 21  89  22  89
 41  39  41  40
 54  50  55  50
 23   2  23   3
 36  45  36  46
 20 108  20 109
  2  23   2  24
 35  25  35  26
 38  17  39  17
 13  39  14  39
 31  70  32  70
 39  53  40  53
 22  53  22  54
 23  95  23  96
 19   1  20   1
 42   4  42   5
 33  53  34  53
 25   6  26   6
 38  31  39  31
 42  62  43  62
 39  93  40  93
 28  85  28  86
 48  14  49  14
  7 107   7 108
 37  61  37  62
  7 104   8 104
 24   0  24   1
  3  24   4  24
 47  56  47  57
 18  20  19  20
 32  77  33  77
 48  62  49  62
  6   4   6   5
 53  22  53  23
 46  55  46  56
 15  79  16  79
 51  99  52  99
 41  90  41  91
 41  58  42  58
 49   9  49  10
 23  79  23  80
 33 111  34 111
 29  73  30  73
 51  43  52  43
 47  59  48  59
 42  89  43  89
 41  64  41  65
 38  40  39  40
 51  62  51  63
 27  38  28  38
 47  21  47  22
 50 106  50 107
 50   6  51   6
 48  85  48  86
  7  78   7  79
 24  74  25  74
 19  44  20  44
 45  74  46  74
 37   1  38   1
 17  78  17  79
 39  83  40  83
 37  37  38  37
 36  42  37  42
 53  44  54  44
 18  11  18  12
 12   1  12   2
 17  10  18  10
 51  54  52  54
 50  72  50  73
 52  34  53  34
 28  75  29  75
 19  52  20  52
  2   7   2   8
 49  28  50  28
 37  82  38  82
 49  63  49  64
 11  47  12  47
 10  15  11  15
 49  23  49  24
 12  28  13  28
 38  87  38  88
 17  86  17  87
  7  87   7  88
  0  47   0  48
 20  18  21  18
 36  67  37  67
 39  61  40  61
 16  41  16  42
 22  23  23  23
 25 109  25 110
 40  66  41  66
 12  57  12  58
  8  25   9  25
 37  61  38  61
 27  21  28  21
 22  82  23  82
 13  22  13  23
 14 108  14 109
 38  29  39  29
 18  28  18  29
 39 106  40 106
 43  24  44  24
 23  38  23  39
 15  97  15  98
 49  34  50  34
 49  59  49  60
 13  92  13  93
 47  73  47  74
 47  74  47  75
 52  19  53  19
  6  69   6  70
 11  84  12  84
  4  82   5  82
 23  46  23  47
  3   7   4   7
 12  88  13  88
 48  10  49  10
 15   9  15  10
 19  53  19  54
 44  86  44  87
 10  20  10  21
 54  34  54  35
 53  35  53  36
 54  29  55  29
 39  15  39  16
  6 110   6 111
 11  28  11  29
 38  99  39  99
 31  67  32  67
  7  26   7  27
 37  53  38  53
 36  27  36  28
 51  48  52  48
 46  93  46  94
  4  34   5  34
 48   2  48   3
  3 104   4 104
 10  73  10  74
  9  55  10  55
 15  73  16  73
 15  89  16  89
  8  72   8  73
 37  16  38  16
 50  13  50  14
  7 110   8 110
 24  24  25  24
 51  41  51  42
  9  72  10  72
 30  30  31  30
 50  79  51  79
 38  44  39  44
 13   6  14   6
 14  76  14  77
 32  83  33  83
  6  12   6  13
 54  70  55  70
 27  51  28  51
 34  25  35  25
 51   3  51   4
 44  88  44  89
 20  56  20  57
 33  39  34  39
 41  32  41  33
 28   0  28   1
  1  79   2  79
 49  81  49  82
 38  98  38  99
 18  42  18  43
 23  63  23  64
  2  24   3  24
  6  66   6  67
 15   1  16   1
 47  47  47  48
 22  94  22  95
 53  84  54  84
 11  75  11  76
 12  47  13  47
 46   6  46   7
  5  98   5  99
 14  51  15  51
 45  15  46  15
  9  75  10  75
  3  55   3  56
 23   9  24   9
  8  37   9  37
 46  99  47  99
 51  81  52  81
 21 105  22 105
 18  32  19  32
 46   6  47   6
 32  38  32  39
 37  17  37  18
 30  63  30  64
 40  68  41  68
 13  96  13  97
 26  71  26  72
 10  43  10  44
 30  72  31  72
 22  70  23  70
 10  50  11  50
 45  44  46  44
 12  20  12  21
 17  29  17  30
 25  31  25  32
 41  87  41  88
 15  71  15  72
 34  90  35  90
 27 108  28 108
 42  91  43  91
  9  51  10  51
 29  29  29  30
 35  58  35  59
 44  93  44  94
  3  48   4  48
  0 106   0 107
 40  49  41  49
 39 107  39 108
  5  24   5  25
 33  85  33  86
 35   8  36   8
  7  49   8  49
 36  52  37  52
 29 110  30 110
 11  23  12  23
 52  11  53  11
 47  57  47  58
  3  91   4  91
 36  12  37  12
 50  58  50  59
 50   5  50   6
 39  68  40  68
 21 109  22 109
 45  32  45  33
 14  75  14  76
 40  83  41  83
  9  15   9  16
  0  37   1  37
 36  51  36  52
 14  23  14  24
 43  60  43  61
 39  18  39  19
 22 108  22 109
 48  84  48  85
  4  68   5  68
  4  52   4  53
 33  87  33  88
 20  28  20  29
  1  38   1  39
 32  49  33  49
 31  99  32  99
 53  26  54  26
 23  87  24  87
 50  29  50  30
 39  14  40  14
 37  91  37  92
 31  19  31  20
 39  73  40  73
 25  77  25  78
 52  78  53  78
 19 106  20 106
 50  61  50  62
 16  68  16  69
  7  11   7  12
  5  67   6  67
 52  71  53  71
  0  29   0  30
 34   6  35   6
  2  74   2  75
 29  74  29  75
  7  53   8  53
 42  40  42  41
 13  46  13  47
 41  26  41  27
 22  89  22  90
  9   3   9   4
 53  13  53  14
 34  49  34  50
 42  13  42  14
 30  62  31  62
 50  30  50  31
  5  75   5  76
 40  12  41  12
 30  52  31  52
 28  58  28  59
 20  55  20  56
 34  89  35  89
 26  25  27  25
  4  58   4  59
 11 109  12 109
 15  87  15  88
 40  88  40  89
  1 103   1 104
 15  50  15  51
 42  92  42  93
 42  69  43  69
 42  57  42  58
  5  63   5  64
 51 100  51 101
 38  38  39  38
 51  29  51  30
 22  21  22  22
 47  82  48  82
 34  23  35  23
  1  12   2  12
 38  69  38  70
 16  42  16  43
 21  20  22  20
  2   2   3   2
 31  87  31  88
 51  76  52  76
 13  40  13  41
 33  38  33  39
 36  58  36  59
  3   4   3   5
  8  91   8  92
 28  98  28  99
 23  13  23  14
 28  91  29  91
 27  67  27  68
  3  29   3  30
 17  97  18  97
 10 101  11 101
 11  12  12  12
 28   2  29   2
  9  79  10  79
 15  63  16  63
 33 102  33 103
 16  34  16  35
 14  95  14  96
 15  24  16  24
 40  47  41  47
 37  36  38  36
 52   4  52   5
 15  65  16  65
 18   4  19   4
 38 107  38 108
 44 107  45 107
 36  47  36  48
 37 107  38 107
 49  70  49  71
 18  26  18  27
  6  93   6  94
 37  71  37  72
  4   4   5   4
  5   4   6   4
 54  75  54  76
 47  15  47  16
 34   6  34   7
  8  19   9  19
 24  89  24  90
 44 106  44 107
  9 100  10 100
 55  42  55  43
 13  69  14  69
 16  35  16  36
 10  44  10  45
 11  90  11  91
 38 108  39 108
 17  26  17  27
  6   5   7   5
 21  91  22  91
 24   9  24  10
  2  56   2  57
 32  34  33  34
 29  52  30  52
 54  72  55  72
 21  39  22  39
 54  48  54  49
 18  49  19  49
 55  37  55  38
 17  31  17  32
  7  37   8  37
 53  25  54  25
 31  26  31  27
  2  75   3  75
 20  18  20  19
 27   9  27  10
 20  44  21  44
  5  68   5  69
 34  12  34  13
 24  96  24  97
 14  33  15  33
 27  90  27  91
 46  16  47  16
 28  18  28  19
 37  57  38  57
  0   7   0   8
 20  37  21  37
  6 107   6 108
 29 110  29 111
  0  48   1  48
 16 111  17 111
 23  93  24  93
 14   5  14   6
 31  19  32  19
 21  12  21  13
 26  30  27  30
 51  90  51  91
 35  22  36  22
 37  58  38  58
 44  16  44  17
 29  35  30  35
 33  10  34  10
 17  32  18  32
 10  42  10  43
  0   4   1   4
 51  66  52  66
 19  93  20  93
 15  26  16  26
 38  81  38  82
 15 109  16 109
 51  73  51  74
 25   2  26   2
 10  27  10  28
 40  30  41  30
 47  31  47  32
 21  29  21  30
 37  17  38  17
 51 101  51 102
 34  57  35  57
 48  72  48  73
 39  12  40  12
 43  44  44  44
 51  80  51  81
  2  37   2  38
 44   5  45   5
 51   2  52   2
 40  22  41  22
 55  36  55  37
 41  96  42  96
 34  36  34  37
  2  77   3  77
 43  26  44  26
 36 111  37 111
 12  58  12  59
 38  79  38  80
 34  18  34  19
 37  46  38  46
  7   4   7   5
 21 104  21 105
 23  56  24  56
 23 100  23 101
  5  21   6  21
 47  97  47  98
 31  47  32  47
 34  54  34  55
 40 102  41 102
 15  59  16  59
 15  17  16  17
 22  85  23  85
 28   8  28   9
  5  93   6  93
 23  87  23  88
 55  17  55  18
 13  25  13  26
 22  15  22  16
 53  85  53  86
 25  84  26  84
 35   2  36   2
 13  27  13  28
 45  96  45  97
 45  63  45  64
 55  85  55  86
 17  25  17  26
 29  93  30  93
 13 107  13 108
 17 110  18 110
 25  98  25  99
 41  59  41  60
  2  12   3  12
 37  63  37  64
 45  73  45  74
 33  76  34  76
 16  40  16  41
 44  95  44  96
 47  28  47  29
  3  21   3  22
  3 103   3 104
 42  24  43  24
 35  37  36  37
 21  64  22  64
 13   5  13   6
 55  32  55  33
 54  41  55  41
  1   9   2   9
 14  79  14  80
 55  58  55  59
 26  60  27  60
 46  58  46  59
 53  72  54  72
 30  37  31  37
 19  59  20  59
 43  40  43  41
 33   6  34   6
  2  15   2  16
 14  15  14  16
 15  29  16  29
  5  52   5  53
 50  45  51  45
 16 110  16 111
 34  31  34  32
 28  56  28  57
 16  75  17  75
 46  25  46  26
 30  58  30  59
 29 103  30 103
 48  60  49  60
 49  11  49  12
 22 104  22 105
 25  70  25  71
  1  62   1  63
 36  47  37  47
  3  62   4  62
 49  87  49  88
 45  30  46  30
 55 101  55 102
 47  54  47  55
 20  99  20 100
  0 105   0 106
 21  14  22  14
 22  54  22  55
 26  70  26  71
 42 106  42 107
 52  40  52  41
 36   3  36   4
 51  65  51  66
 51  11  51  12
  8 108   9 108
 24  75  24  76
 10  19  10  20
 28 101  28 102
 12  97  13  97
 25  36  26  36
 18   6  19   6
 48  56  49  56
 51  29  52  29
 33   4  33   5
 16   1  16   2
 39  37  40  37
 47  32  47  33
 22  44  22  45
 30  93  30  94
  8  36   9  36
 22  24  22  25
  4  62   5  62
 31  41  32  41
 51  36  51  37
  7  50   8  50
 49  57  49  58
 41  20  41  21
 50  97  51  97
  3   9   4   9
 32  80  33  80
 45  11  46  11
 30   5  31   5
  0  74   1  74
 12  55  13  55
 39  17  40  17
 10   1  10   2
 44  75  44  76
 30  56  31  56
 31  69  31  70
 33  78  34  78
 22  86  23  86
 41  43  41  44
 19 109  19 110
 18 110  18 111
 51  28  52  28
 26  20  27  20
 12  40  12  41
 46  87  46  88
  4   9   4  10
 46 109  46 110
 46  40  46  41
 13  94  14  94
 13  35  13  36
 22 107  23 107
 45  19  46  19
 46   9  46  10
 12   7  12   8
 30  57  30  58
 52  71  52  72
 25  12  26  12
  2  97   2  98
 40  48  40  49
 31 108  31 109
 37  65  38  65
 27  79  28  79
 37  77  38  77
 11  30  11  31
 41  89  41  90
 29  76  29  77
 43  74  44  74
 30   9  31   9
  9  46   9  47
 37  11  38  11
 11  85  12  85
 37  65  37  66
 51  48  51  49
 12  90  13  90
 29  51  29  52
 27  71  28  71
 27  44  28  44
  0 104   1 104
 40  87  40  88
 48  44  48  45
 16   9  16  10
 20  89  21  89
  3  47   4  47
 28  46  29  46
 54  28  54  29
 48  11  49  11
 47  46  48  46
 30  33  31  33
 48  63  48  64
 36 104  36 105
  4  39   4  40
 45   8  45   9
 21  37  22  37
  5  80   5  81
 33  18  34  18
 34  88  35  88
 52  58  53  58
 23  34  23  35
 37  25  37  26
 31  80  32  80
 11  72  12  72
 25  32  26  32
 20  93  21  93
 25  27  26  27
 49  32  50  32
 11  13  11  14
 34  96  34  97
 51 103  52 103
 19  30  20  30
 27  57  27  58
 39  77  40  77
  4  51   4  52
 41  49  42  49
 14  35  14  36
 36  25  36  26
 29 108  30 108
 32   9  32  10
 27  10  27  11
 14  94  14  95
 46  73  47  73
 29  98  30  98
  3  65   3  66
 20  68  20  69
  5  14   6  14
  8 107   8 108
 44  30  44  31
 47  62  47  63
 18  16  18  17
  9  86  10  86
 23   8  23   9
 44  55  45  55
 10  25  11  25
 14  56  14  57
  2  69   3  69
 41  65  42  65
  6  78   6  79
 42  59  42  60
 53  46  53  47
 44  97  44  98
 46  26  46  27
 26   1  27   1
  6  59   6  60
 33 108  33 109
 54  22  54  23
 39  26  39  27
 29  42  30  42
  9  50   9  51
 21  26  21  27
  3 106   4 106
 16  36  16  37
 26  79  26  80
  6   9   7   9
 28  16  28  17
 30 104  30 105
 13   1  13   2
 30  74  31  74
 29  21  29  22
 25  12  25  13
 43  45  43  46
 40 100  41 100
 20  59  21  59
 46  11  47  11
 40  10  40  11
 54  20  55  20
  8  86   8  87
 51  45  52  45
  0  13   1  13
 17  16  17  17
 53  31  54  31
 23 102  23 103
 34  96  35  96
 52  54  53  54
 45  22  46  22
 23  70  23  71
 50  34  51  34
 21  46  21  47
 52  29  52  30
 18  70  18  71
 25  57  26  57
 42 101  43 101
  4  18   5  18
 12 109  13 109
 11  57  11  58
  2  30   2  31
 52  45  53  45
 54  17  55  17
  2  48   3  48
 51  77  52  77
 43  96  44  96
 46   3  47   3
 53  41  53  42
 46  57  47  57
 10  92  10  93
 53  15  54  15
 37  27  37  28
 54 102  54 103
 27  51  27  52
  8 101   8 102
 14 108  15 108
  6  28   7  28
 54  65  54  66
 22  48  23  48
 33  73  34  73
  2  63   3  63
 45  91  45  92
 17  41  18  41
 36  38  36  39
  1 104   2 104
  4   4   4   5
 32  37  33  37
 37  26  37  27
 17  44  18  44
 11  80  11  81
 21  95  22  95
 29  40  29  41
 30  14  31  14
  7  12   7  13
 45  35  45  36
 50  87  50  88
 43  94  44  94
 42  66  43  66
 24  50  25  50
 27  85  28  85
 10  72  11  72
 50   3  51   3
  4  35   5  35
 28  92  29  92
 21  68  22  68
 17  63  18  63
 48  58  49  58
 17  57  18  57
 45  73  46  73
 54  93  54  94
 24  23  24  24
 41  77  41  78
 21  75  21  76
 53  55  54  55
 19  93  19  94
 46 105  47 105
  3  98   4  98
 18  67  18  68
  3  74   4  74
  5  47   5  48
 44  54  44  55
 19  90  20  90
  9  45   9  46
 34  47  34  48
  5  97   6  97
 16  66  16  67
 23   1  23   2
  9  23   9  24
 54  71  55  71
 30  92  31  92
 53  83  54  83
 20  14  21  14
 50  19  51  19
 29  97  30  97
 38 105  39 105
 52  30  52  31
 33   8  34   8
 21  42  22  42
  5  36   6  36
 54   9  55   9
 10  19  11  19
  1  27   2  27
 39  64  39  65
 34 106  35 106
 52 102  53 102
 19  34  20  34
 53  46  54  46
 48  38  49  38
 49  22  49  23
  6  60   6  61
  9 100   9 101
 44  66  44  67
 43   9  44   9
 28  83  29  83
 30  99  31  99
  2  76   2  77
 13  71  13  72
 11  96  11  97
 44  27  44  28
  7  69   7  70
 41 106  42 106
 15  86  15  87
 10  74  11  74
 19   1  19   2
 11   6  12   6
 53  39  54  39
 37  10  38  10
 27  82  27  83
 47  72  48  72
 46  35  46  36
 24   2  24   3
 36 102  37 102
 16 105  16 106
 16   3  16   4
 11  26  11  27
 43  54  44  54
 52  85  53  85
 49  73  49  74
  7  98   8  98
 36 107  36 108
 24  35  24  36
 44  20  45  20
 23  25  23  26
 41  61  42  61
 33 104  34 104
 53  15  53  16
 40  15  40  16
 17  15  18  15
 21 102  21 103
 48  69  49  69
 51  97  51  98
 19  21  20  21
 21  64  21  65
  1  98   1  99
 23  17  23  18
 46  52  46  53
 48  33  48  34
 17  22  18  22
 51  37  52  37
 15  84  15  85
  2  46   2  47
 20  15  21  15
  0  65   0  66
 23  58  24  58
 35   9  35  10
 35  69  35  70
 33  40  34  40
 14 109  14 110
 23  53  24  53
 50  94  50  95
 12  77  13  77
 30  39  31  39
 13  83  13  84
 34  34  34  35
 14  45  14  46
 10   9  10  10
 29  22  29  23
 23  71  24  71
 54  19  54  20
  9  53  10  53
 17  29  18  29
 52  83  53  83
 50  63  50  64
 17  28  18  28
 33  20  33  21
  9  78  10  78
 50  60  51  60
 41  41  42  41
 30  61  31  61
 53  18  54  18
 23  11  23  12
 23  52  23  53
  4  77   5  77
 23  55  24  55
 14  90  15  90
 42  12  42  13
 20  72  21  72
  5  59   5  60
 47  52  48  52
 43   9  43  10
 48  94  48  95
  7  61   7  62
 17  64  18  64
 42  63  43  63
 24  83  25  83
 17  36  17  37
 43  56  44  56
 33  83  33  84
 11  86  12  86
 13  23  14  23
 43  53  43  54
 44 108  44 109
  9  99  10  99
  8  20   9  20
 53  53  53  54
 15  34  16  34
 18  17  19  17
 44  61  45  61
 12  48  13  48
 36  44  37  44
 36  19  36  20
 39  85  39  86
 16  22  16  23
 39  51  40  51
  8  39   9  39
  7  76   8  76
 36  60  36  61
 27   1  28   1
 13  17  14  17
 18   9  18  10
 14  75  15  75
 38  41  39  41
 30  43  30  44
 17  80  17  81
  1  40   1  41
 15   0  15   1
 52   5  52   6
 50  21  50  22
 40   8  41   8
 44  56  45  56
 27  32  27  33
  8   9   8  10
 44  26  45  26
 26  32  26  33
 33  43  33  44
  1   1   1   2
 54 107  55 107
 34  15  35  15
 48  55  49  55
 46  53  47  53
 53   7  53   8
 23  26  24  26
 51  56  52  56
 52   5  53   5
 55  77  55  78
  6 106   7 106
  1  33   1  34
 41  96  41  97
 31  20  31  21
 46  96  46  97
 11  54  11  55
 40   9  40  10
  6  32   7  32
 22  24  23  24
  8  58   8  59
 42   9  42  10
 15 103  16 103
 50  58  51  58
 54  32  54  33
  7  34   8  34
 16  46  16  47
  7  39   7  40
 14  64  15  64
 24  50  24  51
 19  24  19  25
 33  31  34  31
 54  32  55  32
  4  50   4  51
 15  76  16  76
 38  51  38  52
 30  98  30  99
 22  64  22  65
 53  60  54  60
 19  24  20  24
 42  70  43  70
  3  58   4  58
 40  58  41  58
 10  13  10  14
 52 106  52 107
 49  50  49  51
 43  35  43  36
  1  99   2  99
 15  49  16  49
  5  82   5  83
 37  48  38  48
  1  20   2  20
 22  25  22  26
 49  99  50  99
 29  59  30  59
 34  76  35  76
 35  61  36  61
 33  54  34  54
 32  82  33  82
 24  94  24  95
 39  59  39  60
  3  14   3  15
 38  36  39  36
 49 108  49 109
 23  54  24  54
 48  18  48  19
 26  44  27  44
 48  19  49  19
 28  49  28  50
  8  71   9  71
 43  81  43  82
 37  30  38  30
 14  87  14  88
 26   8  27   8
 41  44  42  44
 52  33  52  34
  5  95   6  95
 40   5  41   5
 34  91  35  91
 40 105  41 105
 17  10  17  11
 23  73  24  73
 39  29  39  30
 45  60  46  60
 17 102  17 103
 43  52  43  53
 28  96  28  97
 30  71  30  72
 27  31  27  32
  4  59   4  60
  5  55   5  56
 19 104  19 105
 44  94  45  94
 21  58  22  58
 18   8  19   8
 15  15  15  16
 41  21  41  22
 11   3  12   3
 25   5  25   6
  5  64   6  64
 31  37  32  37
 47  98  47  99
 15  81  15  82
  7  34   7  35
 37 106  37 107
  7  92   7  93
 42  44  43  44
 29 103  29 104
 22  21  23  21
 43  67  44  67
  7  85   7  86
 33  96  34  96
 11  20  12  20
 51   1  52   1
  4  72   5  72
  7  70   7  71
 39  74  39  75
 26  25  26  26
 50   8  50   9
 23  77  23  78
  8  92   9  92
  1  71   1  72
 47  60  47  61
 28  70  29  70
 45  68  46  68
  1  20   1  21
 48  62  48  63
 36  32  36  33
 12  59  12  60
 29  79  29  80
  8 107   9 107
 25 105  25 106
 55  66  55  67
 20 102  21 102
 10 107  11 107
 50 110  50 111
 53  97  54  97
 54 108  54 109
 24  37  24  38
 22  97  23  97
 13  93  13  94
 12  32  13  32
 29  18  30  18
 47  70  47  71
 46  92  46  93
 26  50  26  51
 48  66  48  67
 22  43  23  43
 16  59  16  60
  6 101   6 102
 13  38  14  38
 15   5  16   5
 54  99  54 100
 36  64  37  64
  9  66  10  66
 41  31  41  32
  6  25   6  26
 12  14  12  15
 26  73  26  74
 51 111  52 111
 40   4  41   4
  6   0   6   1
 31 105  32 105
  7  21   8  21
 19 102  19 103
 28  33  29  33
 45  53  46  53
 30  19  30  20
 15  28  16  28
 16  94  17  94
 35  61  35  62
 25  65  26  65
 37  53  37  54
  1  76   1  77
 35  51  35  52
 31  27  31  28
 17 104  17 105
 42  82  42  83
 53  37  53  38
 38   1  39   1
 19   6  20   6
 47  16  47  17
 25 104  25 105
 44  31  45  31
 10  77  11  77
 32  48  33  48
 14  59  14  60
 12  98  13  98
 19  97  19  98
 24  51  24  52
 45  34  46  34
 19   3  20   3
 20  67  20  68
 27  80  27  81
  6  69   7  69
 22  19  23  19
 37  49  38  49
 29 101  29 102
  6  74   6  75
 31   9  31  10
 41  23  42  23
 19  79  20  79
 13  34  13  35
 40  24  40  25
 27  97  27  98
  3  50   4  50
 16   3  17   3
 47  87  47  88
 32  85  32  86
 36  93  37  93
 23  60  23  61
 42  60  43  60
  1   3   1   4
 26  34  27  34
 40  74  41  74
 14  69  14  70
 54  10  54  11
 19  33  20  33
 40 101  41 101
  6  50   6  51
 19  49  19  50
 24  43  24  44
 41  25  42  25
 16  88  16  89
  8  43   9  43
 34  11  34  12
 46  90  47  90
 36  59  37  59
  9  73   9  74
 25  74  26  74
 48  34  48  35
 35  66  35  67
  2 104   2 105
 21  53  22  53
 13  10  13  11
 50  16  51  16
 31  56  31  57
 12 106  12 107
 32  25  32  26
 38   5  39   5
 50  13  51  13
 28  72  29  72
 17  84  17  85
 44  35  45  35
 34  57  34  58
 38  58  39  58
 35 106  35 107
 29 109  29 110
 28 100  29 100
  9  92   9  93
 35 101  36 101
 11  68  11  69
 41  18  41  19
 10  58  11  58
 29  53  29  54
 36  36  36  37
 48   8  48   9
  4  85   4  86
 19  58  19  59
 33   7  34   7
  5  42   5  43
 42  22  42  23
  1  76   2  76
 51  68  51  69
 52  94  53  94
 40  23  40  24
  2  25   3  25
 32  72  32  73
 41  56  41  57
  3  32   4  32
 43  51  44  51
 12  31  13  31
 10  31  10  32
 42  85  42  86
 32  37  32  38
 36 105  36 106
 10   9  11   9
 43  83  43  84
  4  23   4  24
  8 105   9 105
 23 105  23 106
 35  85  35  86
 44  18  45  18
 17   0  17   1
 34 108  34 109
 29  11  29  12
  6  60   7  60
 10  81  11  81
 52  25  52  26
 26  40  27  40
 16  85  16  86
 44  87  44  88
  7   9   7  10
 46  89  47  89
 50  11  51  11
 14  83  14  84
 29  12  30  12
 46  57  46  58
  5  23   6  23
 16  29  17  29
 31  77  31  78
 27  85  27  86
 38  37  38  38
  0  81   0  82
 18  16  19  16
 38  49  38  50
 17  68  17  69
 26 102  27 102
 16   8  17   8
 29  81  30  81
 21   5  22   5
 28   6  29   6
 46  96  47  96
  5  65   5  66
  8  57   8  58
 29  93  29  94
 25  70  26  70
 52 107  52 108
 35  71  35  72
  5   9   6   9
 23  28  23  29
 27  24  28  24
 11 107  12 107
 47  28  48  28
 38  30  38  31
  0  22   0  23
 46  34  47  34
 51 101  52 101
 53 109  53 110
 51 109  52 109
 17   2  18   2
 53  80  53  81
 43  72  43  73
 53  63  53  64
 31  38  31  39
  7 109   7 110
  3  33   4  33
  0  81   1  81
 14  65  15  65
 22   6  23   6
 44  96  45  96
 41  53  41  54
 31  71  32  71
 36  17  36  18
 45  39  45  40
 54  78  55  78
  0  29   1  29
  9  98  10  98
 50   4  51   4
 50  68  51  68
 12  76  12  77
 47  55  48  55
 29  37  30  37
 19  66  19  67
 50 107  50 108
 19  11  20  11
 41  14  41  15
  5  56   6  56
 29  84  29  85
 44  44  44  45
 29  31  29  32
 43  35  44  35
 37 111  38 111
 21  97  22  97
 54  87  54  88
 34  24  35  24
 50  83  51  83
 12  41  13  41
 38  20  38  21
 41  37  41  38
 43  80  44  80
 14  84  15  84
 23  80  23  81
 17   7  18   7
 28  83  28  84
 19  32  19  33
 31  97  32  97
 28 109  28 110
 33  54  33  55
 51  88  52  88
  2  53   3  53
 53  24  53  25
 52  60  52  61
 41 107  41 108
 29  85  30  85
 40  90  41  90
 30  31  31  31
 32  71  32  72
  5  87   5  88
 52  94  52  95
  9  33   9  34
 35  72  36  72
 41   9  42   9
 43  87  43  88
 24  41  24  42
 23  89  24  89
 30  53  31  53
 35  97  36  97
 39  94  40  94
 45  17  46  17
 18  39  19  39
 49 108  50 108
  8  42   9  42
 19 108  20 108
 19  85  19  86
 34  38  35  38
 16  77  17  77
 31  17  32  17
 26   8  26   9
  2  79   2  80
 30  51  31  51
 46 107  47 107
 52  92  52  93
 36  71  36  72
 19  87  19  88
 52  31  52  32
 22  73  22  74
 15  67  16  67
 20  49  20  50
 52  68  53  68
 10  73  11  73
  8  41   8  42
  3  12   4  12
 54  96  55  96
 27  94  28  94
 17  41  17  42
 12 102  12 103
 41  75  42  75
 38  43  38  44
 16  18  17  18
 34  53  35  53
 21  86  22  86
  2  22   3  22
 33  59  34  59
 49  28  49  29
 32  61  32  62
 23   3  24   3
 54  69  55  69
  4  30   4  31
 22  39  22  40
 15  70  16  70
 25   8  26   8
 46  90  46  91
  2  12   2  13
 43  77  44  77
 48  52  48  53
 11  92  12  92
 39   5  39   6
  6  91   7  91
 14  74  14  75
 39  48  39  49
 22  15  23  15
 28 107  28 108
 25  53  25  54
 29  68  30  68
 34  94  34  95
  7   4   8   4
 49 104  49 105
 26 103  26 104
 36  30  36  31
 54  18  55  18
 10   6  11   6
 30  93  31  93
 29  56  29  57
  2  80   3  80
  7   3   8   3
 51  31  52  31
 34  29  35  29
 54  58  54  59
 44  76  45  76
 37  92  37  93
 34   3  35   3
 45  18  46  18
  7  33   8  33
 54  31  54  32
 13  13  14  13
 17  95  17  96
 41  16  42  16
  2  10   2  11
 11  60  12  60
  8  77   9  77
 37  20  38  20
 13   3  14   3
  5  72   5  73
 24  34  24  35
 14  78  15  78
 24  60  25  60
  9  17  10  17
 23  76  24  76
  6  96   7  96
 26  51  27  51
 10  64  11  64
  2  22   2  23
 12 108  12 109
 44  47  45  47
 44  43  44  44
 50   5  51   5
 53  56  54  56
 22  44  23  44
 26  61  27  61
  2  97   3  97
  5  90   5  91
 27  89  28  89
  7  13   7  14
  8  78   9  78
  7   7   8   7
 31  33  31  34
 19  41  19  42
 14 102  14 103
 13  70  13  71
 46  17  47  17
 31  12  31  13
 47  18  47  19
 40  35  40  36
  3  60   3  61
 49 103  49 104
 49  59  50  59
 19  68  20  68
 29  62  30  62
 16  27  16  28
  0  22   1  22
 49  41  50  41
 17 108  17 109
 29  15  29  16
  0  74   0  75
 46  43  46  44
  2  73   2  74
 17  79  18  79
 11  35  11  36
 29  43  30  43
 28  11  29  11
 30  29  31  29
 42  34  43  34
 35  20  35  21
 20  72  20  73
 34  58  34  59
 19  48  20  48
 33  90  33  91
 25  62  25  63
 43   2  43   3
  8  14   9  14
 22  27  22  28
 13  21  14  21
 15  13  15  14
 16  79  16  80
 47  81  48  81
 32  73  32  74
 14  27  14  28
 38  95  39  95
 34  92  35  92
 43  69  43  70
 20   7  21   7
 13  67  13  68
 51  53  51  54
 25  44  25  45
 44  74  44  75
  3  37   4  37
 27  59  28  59
 47  71  47  72
 38   4  39   4
 26  41  27  41
 12  92  13  92
 24 104  25 104
  5  93   5  94
 33  56  33  57
 37  14  38  14
 48 100  48 101
 42   6  43   6
 43  11  44  11
  1  61   1  62
  2  61   3  61
 54  33  55  33
 19  76  20  76
 10 109  11 109
 26   1  26   2
 12   9  12  10
  4  41   4  42
 24 105  24 106
 37  35  38  35
  9  85   9  86
 53 107  54 107
 23  51  24  51
  6  74   7  74
  6   9   6  10
 30  22  30  23
 49  45  50  45
 18 111  19 111
 12  41  12  42
 29 100  29 101
 13  90  13  91
  0  32   1  32
 21 103  21 104
 21  70  21  71
 20  53  21  53
 45  50  46  50
  5  92   6  92
 16   7  16   8
  9   6  10   6
 55  74  55  75
 44   0  45   0
 22  76  23  76
 32  22  33  22
 22  86  22  87
 42  59  43  59
 45  85  45  86
 46   8  46   9
 51  15  51  16
 29  32  30  32
  3  88   3  89
 41  43  42  43
 38  91  39  91
  6   0   7   0
 50   1  50   2
 25  52  25  53
 28  35  28  36
 31   7  31   8
  9   2   9   3
  6   3   7   3
 19  89  19  90
 43  95  44  95
 38  11  39  11
 54  97  54  98
 32  58  32  59
 29 104  30 104
 50  32  51  32
 17  11  18  11
 34  74  35  74
 30  69  30  70
 21  21  22  21
 31  95  31  96
 25  90  26  90
 18  37  19  37
 34  99  35  99
 24  97  25  97
 23 110  24 110
 16  89  16  90
  5  22   6  22
 24  42  25  42
 39  85  40  85
 43  50  44  50
 33  89  33  90
 38  56  39  56
 22  65  23  65
 21  87  22  87
 49   0  50   0
 36 107  37 107
 15  93  15  94
 12  91  12  92
 22  19  22  20
 46  41  47  41
 40 110  40 111
  3  66   4  66
 40  97  41  97
 36  50  37  50
  1  18   1  19
 10  98  10  99
 35  43  35  44
 47  42  47  43
  6  97   6  98
  5   6   6   6
 50  43  51  43
 39  20  39  21
 28  78  29  78
 14 111  15 111
 11  58  11  59
 13  60  13  61
 33   9  33  10
 29  88  30  88
 53  66  54  66
 19  23  20  23
 14  52  15  52
 44  71  45  71
 13  33  14  33
 32 110  33 110
 38  12  38  13
 21  17  22  17
 42  65  42  66
 15  33  16  33
 20  25  21  25
 28  90  28  91
  5  44   6  44
 30  18  30  19
 46 102  46 103
 42  70  42  71
 17  32  17  33
 52  68  52  69
 34  64  34  65
  0  43   1  43
 26  77  26  78
 13  79  14  79
  4  31   5  31
 22  52  22  53
 18   3  19   3
 24  44  25  44
 13  18  13  19
 22  80  22  81
  4  12   5  12
 24  76  25  76
 42  74  42  75
  9  40  10  40
  4  79   5  79
 35  48  35  49
 25  22  25  23
  8  45   9  45
 46  15  47  15
 19  67  19  68
 37  47  38  47
 25  29  26  29
  1  81   2  81
 31  94  31  95
 17  31  18  31
 19  16  20  16
  3  29   4  29
 31 107  32 107
 12  19  12  20
  6 101   7 101
 35  70  36  70
 46  82  46  83
  2 101   3 101
 16  49  17  49
 20  43  20  44
  2  78   2  79
 10   8  11   8
  5 110   6 110
 28  48  28  49
 33  13  33  14
 23  80  24  80
 14  32  15  32
 26   9  26  10
 18  72  19  72
 34 103  35 103
 22   8  22   9
 18  98  19  98
  5  99   5 100
 46  59  47  59
 25  40  26  40
 52  15  52  16
  6  38   7  38
 37  62  37  63
  7  29   7  30
 47 108  48 108
  0  13   0  14
  1  91   2  91
 23  51  23  52
 10  38  11  38
 27  20  27  21
 22  75  23  75
 37   7  37   8
 23  10  23  11
 36  78  37  78
 16  37  16  38
  8  15   9  15
 42  55  43  55
 19  31  20  31
 41  94  41  95
 25  15  26  15
 23  46  24  46
 50  15  50  16
  6  31   6  32
 27  26  28  26
 21   8  21   9
 38 100  38 101
 43  54  43  55
  2  99   3  99
 48  22  48  23
  7  41   7  42
 31  75  31  76
 41   9  41  10
 17  87  17  88
 32  26  33  26
 12  54  13  54
  2  13   2  14
 33  41  33  42
 46  81  47  81
 13  26  14  26
 23 104  24 104
 18  13  19  13
  2  98   3  98
 51  65  52  65
  1   8   1   9
 23 104  23 105
 40  86  41  86
 46   5  46   6
 10  40  10  41
  2  69   2  70
 43  79  43  80
  7 102   7 103
 52  97  53  97
 37  79  37  80
 25  51  25  52
 11  87  11  88
  4  84   4  85
  0  34   1  34
 20  49  21  49
  1  14   1  15
 44  83  44  84
 40  78  40  79
  0  88   1  88
 42  84  42  85
 53 104  53 105
 28 105  29 105
 23  17  24  17
 37  89  37  90
 40 101  40 102
 42   6  42   7
 42  25  42  26
 51  46  52  46
  3  26   3  27
 37  97  37  98
  6 102   6 103
 24  17  25  17
 48  82  48  83
 42  33  42  34
 37   9  37  10
 16  19  17  19
 40  63  40  64
 25  23  26  23
 10 109  10 110
 22  46  22  47
 30  88  31  88
 46  50  47  50
 35  70  35  71
 55  94  55  95
  6  34   6  35
 46  18  46  19
 17  51  17  52
 31  96  31  97
 27  42  27  43
 55  40  55  41
  5 101   6 101
 45  46  46  46
 49  71  49  72
 10 110  11 110
  5   1   5   2
 11  55  11  56
 43  65  44  65
  7  15   7  16
  2  81   2  82
 48 102  49 102
 13  87  14  87
 30  20  31  20
 42  72  43  72
 18  67  19  67
 18  33  19  33
 38 104  38 105
 28  33  28  34
 42  23  42  24
  3  17   4  17
 29  68  29  69
 43  97  43  98
 45  49  45  50
 42  52  42  53
 24 111  25 111
  4  70   5  70
  8  16   8  17
 33  48  33  49
 34  14  34  15
 12  65  12  66
  4  29   5  29
 44  37  45  37
 34  28  34  29
  7  80   8  80
 17  51  18  51
 45 101  45 102
  6  90   7  90
 26  37  27  37
  9  60   9  61
 12   6  13   6
 37  32  37  33
 33  24  33  25
 22  99  23  99
 30   2  31   2
  2  23   3  23
 47  37  48  37
 13  78  13  79
 17  68  18  68
 21  19  21  20
 18  30  18  31
 47 101  48 101
 27  91  28  91
 21 107  22 107
  1  70   1  71
 17  21  17  22
 22  40  22  41
 35  79  36  79
 11 100  12 100
  0  50   0  51
 39  25  40  25
 38  61  39  61
 22  67  22  68
  9  81  10  81
 21   1  22   1
 41  24  42  24
  1 107   1 108
  8  66   8  67
 55  90  55  91
 18 104  19 104
  6  70   6  71
 25   4  26   4
  1   5   1   6
 25  85  26  85
  5  38   6  38
 23  23  23  24
 20  60  20  61
 13  96  14  96
 48 111  49 111
 27  56  27  57
 19   4  20   4
 20  73  21  73
 48  90  48  91
 30  19  31  19
 10  30  10  31
 30  64  30  65
 36  94  37  94
 31  38  32  38
 51  87  52  87
 54  43  55  43
 14  15  15  15
 52  18  53  18
 33  26  33  27
 18  88  19  88
 38   5  38   6
 29  47  30  47
  7  60   7  61
  2  50   3  50
 35  36  35  37
 19 101  20 101
 29  66  29  67
 39  40  40  40
 21  63  22  63
 23  99  23 100
 47  50  47  51
 12  52  13  52
 34 101  35 101
 42  31  42  32
 27  55  28  55
 30  15  31  15
 45  77  46  77
 49 102  50 102
 30  16  31  16
 30  57  31  57
 12  31  12  32
 43  12  44  12
 41  74  42  74
 50  36  51  36
 29  95  30  95
 38  68  39  68
 29   6  30   6
  8  96   9  96
  6  84   7  84
 22  76  22  77
 40  59  40  60
 29  36  29  37
 27  60  28  60
 40  98  41  98
 38  23  38  24
 11  40  12  40
 38  56  38  57
 10  17  10  18
 33   7  33   8
 15  38  16  38
 46  58  47  58
 53  83  53  84
 13  73  14  73
 52  49  52  50
 22   2  23   2
 28  42  29  42
  7  99   8  99
 18  38  18  39
 31 106  31 107
 44  33  45  33
 12  39  13  39
  3  67   4  67
 29  61  29  62
 21  98  22  98
  7  37   7  38
 34  32  35  32
 52  74  53  74
 43  10  44  10
 11 108  12 108
 39   8  39   9
 43  76  43  77
  4  71   4  72
 26  88  27  88
 48  48  49  48
 40   1  40   2
  3  35   4  35
 52  96  53  96
 44  15  44  16
 40  19  41  19
 44  34  44  35
  4 110   5 110
 42  46  42  47
 14  31  15  31
 22  16  23  16
 45  78  45  79
 52  52  53  52
 15  92  16  92
 48  12  48  13
 48  63  49  63
 29  96  29  97
 47   9  47  10
 11  46  12  46
 12  73  13  73
 47  94  48  94
 55  23  55  24
  0  31   0  32
 39   4  39   5
 48  40  48  41
 31  82  31  83
 40  86  40  87
 53  41  54  41
 27  46  28  46
 16  17  16  18
  3  54   4  54
  6  52   6  53
  4 107   5 107
 44  76  44  77
 26  21  27  21
  0   2   1   2
 19  76  19  77
 27  39  27  40
  9  96  10  96
 37  59  38  59
 31  78  31  79
 38  95  38  96
 34  93  34  94
 27  87  28  87
 27  84  28  84
 12  99  13  99
 15  30  15  31
 11  79  12  79
 10  80  11  80
 41  35  42  35
 55  21  55  22
 20  24  20  25
 14  57  15  57
 39  56  39  57
 36   9  36  10
 42 110  42 111
 52  41  52  42
 52  29  53  29
 27  99  28  99
 13  58  13  59
  2 109   3 109
  2  40   2  41
 49  52  49  53
 16  62  17  62
 33 108  34 108
 46  54  47  54
 52  23  52  24
 46  79  47  79
 31  58  32  58
 23  59  24  59
  0  91   1  91
 52  86  53  86
 13  27  14  27
  9   0  10   0
  6 106   6 107
  3  49   3  50
 39  91  40  91
 21  76  22  76
 51  96  52  96
 22  90  22  91
  1  41   1  42
  3  40   3  41
 32  88  32  89
 49  38  50  38
 53  69  54  69
 42   0  43   0
 28  40  28  41
 13  42  13  43
 27  41  28  41
  8  70   9  70
 32  40  32  41
 52  74  52  75
  0 109   0 110
 24  92  25  92
 16  50  17  50
  0  63   1  63
 53 106  54 106
 15  40  15  41
 42  55  42  56
 45  84  46  84
 41  78  41  79
 22  69  23  69
 42  32  42  33
 24  85  25  85
 31  73  31  74
  3  62   3  63
 31  78  32  78
 52  82  52  83
 27  78  27  79
 14  60  15  60
  5  70   6  70
 36   0  37   0
 26  50  27  50
 22  55  23  55
 25  26  25  27
  8  69   9  69
 36  19  37  19
 12   0  13   0
 33  61  34  61
 14 100  15 100
 16  71  16  72
 12  64  12  65
 38  84  39  84
 34  23  34  24
  9 102   9 103
 36  48  36  49
 39   6  40   6
 26  87  26  88
 19  18  19  19
 35  21  36  21
 48  10  48  11
 50 100  50 101
 27  73  27  74
 32  29  33  29
 31  28  31  29
 38  93  39  93
 50   7  51   7
 32  13  32  14
 16  48  16  49
 19  99  20  99
 39  32  39  33
 26  52  27  52
 46  63  46  64
 25  33  26  33
  9  46  10  46
 34  98  34  99
 42  34  42  35
 43 101  43 102
 32  81  32  82
 36  97  37  97
 48  37  49  37
 15  80  15  81
 31  84  32  84
 52  48  53  48
 32  30  33  30
  6  29   6  30
 10  67  10  68
 30  32  31  32
 35  34  35  35
 16  65  16  66
  3  72   3  73
 21  13  21  14
 26  59  26  60
  0  67   1  67
 45  10  46  10
 19  54  19  55
 29  96  30  96
  6  51   7  51
 35   2  35   3
 34  17  35  17
 44  54  45  54
  8  40   9  40
 42  98  42  99
 26  75  26  76
 37  68  37  69
 37   3  38   3
 44  29  45  29
 16  94  16  95
 14  44  15  44
 17  99  18  99
 50  78  50  79
 11  69  11  70
 39  44  40  44
 33  21  33  22
 20  78  20  79
 18  76  18  77
 45  70  45  71
 46 106  47 106
 30  44  31  44
 48  33  49  33
  8  18   8  19
 24  71  25  71
 53  30  54  30
 55  80  55  81
 27  95  28  95
 49  17  50  17
 42  15  43  15
 20  34  20  35
 45  67  45  68
 23  83  23  84
 46  39  46  40
 10  83  11  83
 13  81  13  82
 53  66  53  67
  5 105   5 106
  5  14   5  15
 18  68  19  68
 40   0  41   0
 50   9  50  10
  0  87   1  87
 48  87  48  88
  0  56   1  56
 19  11  19  12
 36  36  37  36
 31  83  31  84
 30  45  30  46
 34  43  34  44
  6  64   6  65
 24 109  24 110
  9  91  10  91
 42  26  43  26
 42   7  43   7
 37   6  37   7
 20  46  21  46
 42  84  43  84
 11  52  12  52
 23  91  24  91
 10  39  11  39
 50  87  51  87
 47   7  48   7
 25  68  26  68
 42 104  42 105
 24  15  24  16
 23  78  24  78
 49  15  50  15
 31  55  31  56
 22 101  22 102
 38  68  38  69
  4  79   4  80
 22  47  23  47
 10  97  11  97
 38  11  38  12
 33  42  33  43
 17  50  18  50
 29   0  29   1
 26   5  26   6
 11  27  12  27
 55 109  55 110
 27  60  27  61
 10   5  10   6
 37  28  37  29
  4  85   5  85
 20  63  20  64
 43  85  44  85
 38  43  39  43
 30  26  31  26
 27  37  27  38
  1  93   1  94
  4 103   5 103
  3  56   4  56
 28  55  29  55
 53 105  53 106
 44  32  45  32
 40   6  40   7
 54  68  54  69
 43  55  43  56
 31  90  31  91
  7  20   8  20
  8  98   9  98
  3  34   4  34
  4  83   5  83
 53  79  54  79
  8  89   9  89
 14  19  15  19
 47  88  47  89
 23 111  24 111
 50  49  50  50
 14  85  14  86
 47  22  48  22
  8  29   8  30
 36  61  37  61
 30 109  30 110
 29  72  30  72
 18  83  18  84
 33  44  33  45
 30  83  31  83
 20  95  21  95
  2  17   2  18
  4  39   5  39
 46  37  46  38
 32  57  33  57
 51  19  51  20
 35  24  35  25
 28  61  29  61
  4   2   4   3
 30   0  30   1
  8   1   9   1
 32  91  33  91
 35 102  35 103
 10  48  11  48
 22   9  23   9
  2  14   3  14
 27  81  28  81
 44  69  44  70
 19  71  20  71
  7  36   8  36
 49  65  49  66
 25 110  25 111
 18  84  19  84
 13  15  13  16
 50  84  50  85
 27 104  27 105
 48  67  48  68
 55  89  55  90
 49 100  50 100
 50 105  51 105
 10  70  10  71
  2  10   3  10
 24  73  24  74
 46 103  47 103
 24   7  24   8
 21  40  21  41
  7  19   7  20
 30   7  30   8
 14   5  15   5
  6  49   7  49
  4  28   5  28
 21  40  22  40
 34   9  34  10
 35  54  35  55
 43  73  43  74
 33  48  34  48
 35  77  35  78
 35  14  35  15
 45  61  45  62
 12  11  12  12
 14  72  14  73
  1  42   2  42
 53  35  54  35
 21  75  22  75
 47  10  48  10
  4  22   4  23
 17 102  18 102
 49  18  49  19
 38   4  38   5
 46 104  47 104
  8  55   9  55
 34  51  34  52
 47   6  47   7
 10  55  10  56
 21  96  22  96
 16  83  17  83
  5  50   6  50
  8  12   9  12
 21  70  22  70
 34  94  35  94
  0 102   1 102
 30  75  31  75
 53  55  53  56
  1  60   1  61
 13  52  13  53
 35  83  36  83
  9  64  10  64
 25  48  25  49
  2  15   3  15
 11  16  11  17
 40  71  41  71
 50  69  51  69
 33  92  34  92
  1  64   2  64
 28   2  28   3
 24 108  25 108
 21  11  22  11
 17  62  18  62
 23  99  24  99
 11 104  11 105
 18  34  19  34
 29 102  30 102
 50  95  50  96
 11  17  12  17
 26  52  26  53
  4  94   4  95
 12 106  13 106
 25  78  25  79
 52 105  52 106
 19  77  19  78
  8  61   8  62
 33  19  33  20
  4  47   4  48
 41  22  42  22
 23  33  23  34
 44  17  45  17
 53  10  54  10
 51  78  51  79
 32  14  33  14
  4  74   4  75
 45  80  46  80
 39 109  39 110
  3  19   4  19
 14   7  14   8
 39  20  40  20
 18  15  19  15
 54   8  54   9
 33  94  33  95
 37  14  37  15
  0  36   1  36
 33  75  34  75
 28  62  28  63
  4  61   5  61
  2  45   2  46
 43   3  44   3
  5  11   6  11
  1  74   2  74
 47  77  47  78
 18  31  19  31
 24  73  25  73
 28  77  28  78
  3 107   3 108
 28  85  29  85
 52  14  53  14
  9  68   9  69
 11  16  12  16
 33  12  33  13
 11  24  11  25
 18  38  19  38
 37  84  37  85
 53  71  53  72
 36  27  37  27
 46  29  47  29
 13 103  14 103
 43 105  43 106
 15  80  16  80
 49  24  50  24
  8  53   9  53
 29  50  29  51
 10  10  10  11
 12  56  13  56
  2 102   2 103
 26  27  27  27
 15  47  16  47
 35   4  35   5
 54  70  54  71
 27  48  27  49
 50  42  50  43
 16  82  16  83
 19  73  20  73
 52  51  52  52
 26 100  26 101
 10  46  11  46
 55  28  55  29
  9  11  10  11
  3  34   3  35
 25  14  25  15
  3  28   4  28
 40 100  40 101
 53   8  53   9
 35  63  35  64
 11  12  11  13
 47  42  48  42
 16  81  16  82
 34  39  35  39
 42 107  43 107
 40  89  41  89
 19  35  19  36
 11  55  12  55
 28  89  28  90
 40  10  41  10
 36  86  37  86
 20  71  21  71
 54  15  54  16
 48  71  48  72
 48   5  48   6
 43  97  44  97
 28  65  29  65
  1   7   2   7
 32  52  33  52
 31  51  32  51
 36  17  37  17
 38  97  38  98
 19  26  19  27
 17  50  17  51
 38  67  39  67
 41  87  42  87
 46  38  46  39
  5  11   5  12
  8  95   8  96
 35  98  35  99
 42 103  42 104
 51  17  52  17
 17  67  17  68
 35 101  35 102
 29 105  30 105
 13  86  13  87
 45  86  46  86
  4  60   4  61
 46  77  46  78
 54  34  55  34
 47  83  48  83
  0  57   0  58
 15 105  16 105
 39 103  40 103
  3  72   4  72
  1   4   2   4
 13  49  14  49
  2   0   3   0
 17  19  18  19
 30  65  31  65
 45  17  45  18
 53  86  53  87
  8  11   9  11
  5  13   5  14
 37 103  37 104
  8  47   9  47
 43  15  44  15
 31  58  31  59
 54  99  55  99
 14  25  14  26
  7  54   8  54
 10  87  10  88
 45 109  45 110
 15  10  16  10
 38  64  38  65
  3  44   4  44
 54  80  54  81
 24  12  25  12
 44   6  45   6
 36  74  36  75
  3  83   4  83
 11  42  12  42
 21 100  22 100
 45  28  45  29
 16   9  17   9
 35  34  36  34
 25 108  26 108
 10  74  10  75
 20  32  20  33
 54  98  54  99
  7  11   8  11
 24  78  25  78
  1 109   2 109
  6  20   7  20
 44 101  45 101
 16 101  16 102
 52  10  53  10
 41 103  42 103
 23  32  23  33
 41  57  42  57
 35   7  35   8
 24  14  25  14
  2  99   2 100
 32 103  32 104
 31 111  32 111
  4  63   4  64
 22  13  22  14
 16  97  17  97
  3 110   4 110
  5 102   6 102
  7  68   7  69
 34 101  34 102
 14  83  15  83
 50   9  51   9
 14  18  15  18
  5  88   5  89
 28  12  28  13
 42  97  43  97
 43  47  43  48
 21  33  21  34
 22 110  22 111
 51  61  52  61
  8  33   9  33
  5  54   5  55
 46   7  47   7
 39  22  39  23
 44  14  44  15
 32  10  33  10
 10  65  11  65
 40  26  40  27
 21  51  22  51
 44  87  45  87
 52  65  53  65
 20  47  21  47
  3  96   4  96
 27  40  28  40
  8  46   8  47
 42  64  43  64
 23  66  24  66
 33   3  33   4
  3 108   4 108
 41  51  41  52
 15  42  15  43
 14  93  14  94
 25  61  25  62
 17  46  18  46
 22  72  22  73
 26  38  26  39
 45 101  46 101
 13  99  13 100
 35  27  36  27
 35  62  36  62
  7  54   7  55
 24  38  25  38
 22  97  22  98
 50  44  50  45
  1  57   1  58
 23 103  24 103
 53  78  53  79
 34  45  35  45
 36  62  37  62
 48  75  48  76
 39  16  39  17
 38  89  39  89
 34 104  35 104
 13  45  14  45
  3  89   3  90
  9  34  10  34
 50  54  50  55
 33  79  34  79
 20  57  20  58
 54  27  54  28
 49  30  50  30
 12 100  13 100
  7   9   8   9
 28  60  28  61
 25  15  25  16
 43  50  43  51
 16  92  17  92
 50  24  51  24
  9  61   9  62
 49  21  50  21
 17  72  17  73
 48  52  49  52
 37  42  37  43
  5  27   5  28
 13  98  13  99
 33  80  34  80
 18  71  18  72
 48  98  49  98
 30  10  31  10
 22  41  23  41
 27  19  28  19
 14  32  14  33
  1  50   1  51
 49  37  49  38
 30   1  30   2
 21   8  22   8
 19  53  20  53
 48  46  49  46
 26 105  27 105
 36  74  37  74
 49 106  49 107
 47  49  47  50
 21  41  22  41
 34  65  35  65
  2  33   3  33
 39  39  40  39
 39   8  40   8
 10 101  10 102
 31  48  31  49
 39  84  39  85
  1  43   1  44
 39  47  39  48
 51  40  52  40
 53  49  54  49
  2 101   2 102
 48  95  48  96
 44 106  45 106
 33  81  33  82
 32  56  33  56
 44  51  45  51
 49  69  49  70
 20  95  20  96
 15  55  16  55
 34  35  35  35
  4  96   4  97
  9  83   9  84
 44 100  44 101
 30  35  30  36
  3  93   3  94
  5  30   6  30
 33  53  33  54
 15 105  15 106
 48  45  49  45
 22  12  22  13
 52  52  52  53
 54  26  55  26
 13 105  13 106
 51  13  51  14
 41  33  42  33
  7  94   8  94
  8  68   9  68
 26  93  27  93
  3  84   4  84
 22  22  22  23
  2  64   2  65
 28  74  28  75
 20  39  21  39
 40  27  41  27
 42   0  42   1
 23  48  24  48
 25 103  25 104
 45  84  45  85
  6  57   7  57
 38  16  39  16
 29  54  29  55
 15  75  16  75
 43   1  44   1
 35  86  35  87
 18  55  19  55
 27  56  28  56
 38  17  38  18
 43  77  43  78
  5  16   5  17
 14  20  15  20
 45   2  46   2
 10  71  11  71
  8   4   8   5
 45  94  46  94
  7  79   8  79
  1  87   2  87
 51  84  51  85
 49  86  50  86
 37  28  38  28
 30 107  30 108
 47  10  47  11
 44  38  45  38
 37  86  37  87
 17  25  18  25
 54  38  54  39
 48  80  48  81
 23  39  23  40
 10  47  10  48
 51  79  52  79
 49  31  50  31
 25  94  26  94
 44  34  45  34
 19   7  19   8
 33  23  33  24
 22  84  23  84
  7  19   8  19
  1  75   2  75
 28  42  28  43
 44  82  45  82
 35  90  36  90
 54   8  55   8
 18  43  19  43
 20   8  21   8
 48 108  48 109
 22  61  22  62
 18  91  19  91
 37  31  37  32
 10  65  10  66
 13  36  13  37
 14  14  15  14
 29  17  30  17
 55  72  55  73
 20  84  20  85
 33  85  34  85
 36   9  37   9
 36  23  37  23
 54  79  54  80
 22  73  23  73
 24  57  24  58
 49  29  50  29
 48  26  48  27
 42  68  42  69
 28 106  28 107
 17  81  18  81
 40  14  40  15
 31  93  31  94
 30  89  30  90
 54  47  55  47
  3  82   3  83
 30  95  30  96
  3  41   3  42
 41  70  41  71
 15  56  16  56
  4  49   5  49
  0  75   0  76
 41  99  42  99
 51  18  52  18
 15  89  15  90
 42   5  43   5
 20  80  21  80
 10  14  10  15
 43  34  43  35
 17  14  17  15
  5  85   5  86
 40  71  40  72
  2  60   2  61
 48  35  49  35
 13  54  13  55
 33  86  34  86
 34   7  35   7
 49  92  49  93
 13  59  14  59
 43  91  44  91
 43  91  43  92
 14  98  15  98
 18  34  18  35
 23  83  24  83
 26  26  27  26
 29  12  29  13
 40  60  40  61
 23  70  24  70
 43  31  43  32
  4  22   5  22
 23  18  24  18
 13  64  13  65
 15 101  15 102
 22  42  22  43
 51  44  52  44
 31   7  32   7
 18  56  19  56
  7  58   8  58
 48   1  48   2
 48 106  49 106
 46 107  46 108
 20  81  21  81
 15   4  15   5
 50   0  51   0
 32  15  33  15
  3  59   3  60
 33 101  33 102
 12  26  13  26
  8  52   9  52
 11  49  11  50
 31 106  32 106
  0  69   0  70
 11  29  11  30
  9  38  10  38
 15 102  15 103
 32  86  32  87
 38  47  38  48
 52  13  52  14
 13  48  13  49
 13  80  14  80
 50  54  51  54
 13  87  13  88
 23  96  24  96
 10  89  11  89
  9   6   9   7
  6  46   7  46
 11  57  12  57
  1  92   2  92
  3  57   4  57
 30  69  31  69
 18  88  18  89
 38  67  38  68
  0  34   0  35
 41  54  41  55
 10  37  11  37
 43  69  44  69
 17  54  18  54
 13  72  13  73
 12  95  13  95
 23  47  23  48
 32  94  32  95
 19  15  20  15
 15  87  16  87
 27  14  28  14
 31  32  31  33
 12  48  12  49
 45  57  46  57
 28  79  28  80
 10  91  11  91
 23  61  23  62
 53  53  54  53
 50 103  51 103
 43   2  44   2
  7  96   8  96
  6  79   7  79
 54  14  55  14
 17  53  17  54
 11  46  11  47
 42  71  43  71
 22  17  22  18
 26  62  26  63
 31 102  31 103
 27   6  27   7
  3  69   4  69
 29   2  29   3
 48  67  49  67
 26  99  26 100
 29  76  30  76
 31  10  32  10
 33   0  33   1
 17  21  18  21
 27  76  27  77
 37  78  38  78
 34  68  34  69
 28  40  29  40
 41 106  41 107
  8  42   8  43
 11  64  11  65
 47  23  48  23
 25  53  26  53
 34  80  34  81
 25  80  26  80
 49  45  49  46
 45  89  45  90
 19   0  20   0
 52 110  52 111
 52  89  53  89
 12  45  12  46
 13  29  14  29
 25   0  25   1
 46  74  46  75
 12  50  13  50
 10  82  10  83
 21  33  22  33
  1  84   2  84
 35  81  36  81
 23  29  23  30
 50 109  51 109
 12  67  12  68
 30  88  30  89
 45  79  45  80
 24  96  25  96
 29  52  29  53
 39  34  39  35
  4  44   4  45
  3  79   3  80
 45  67  46  67
  8  69   8  70
 15  39  15  40
 39  82  40  82
 20 103  20 104
  8  87   9  87
 28  95  29  95
 25  62  26  62
 47   8  48   8
 17  26  18  26
  1  26   2  26
 43 100  43 101
  3  77   4  77
 45  82  45  83
 41  80  41  81
 10  22  10  23
 46  94  47  94
 18  36  18  37
 13  29  13  30
 54  60  55  60
  7  82   7  83
 52  99  53  99
 27  29  28  29
 41  66  41  67
 49  11  50  11
 42  86  43  86
  9  89   9  90
 43  49  43  50
 22  63  22  64
 49  80  49  81
 42 100  42 101
  8 106   8 107
 44  39  45  39
 21  15  22  15
  6  43   7  43
 17   5  17   6
 18 104  18 105
  3  90   3  91
 25  87  26  87
 18   0  19   0
 20  32  21  32
 51  87  51  88
 29  41  29  42
 49  93  50  93
 14  81  14  82
 37  72  37  73
  4  77   4  78
 31 108  32 108
 46  12  46  13
  0  94   0  95
  0  16   0  17
  7  97   7  98
 21  55  22  55
  7  89   7  90
 12  40  13  40
 11  61  12  61
 51 100  52 100
 25  48  26  48
 40  43  41  43
 37  50  37  51
 27 108  27 109
 42  30  43  30
 31  61  32  61
 37  43  38  43
 51  63  51  64
 34  44  35  44
 48  70  48  71
 13   4  14   4
  5  38   5  39
 20  43  21  43
 52  84  52  85
 44  70  44  71
 27 102  28 102
 33  12  34  12
 17  92  17  93
 25  55  25  56
 21   6  21   7
 55  45  55  46
 28  92  28  93
 52 103  52 104
 13  76  13  77
 19  17  19  18
 18  12  18  13
 16  20  17  20
 24  55  25  55
 52  95  53  95
 38   9  39   9
 49  18  50  18
 16  47  16  48
 47 111  48 111
 47  74  48  74
 17   9  17  10
 31   6  32   6
 53   0  53   1
 21 106  21 107
 15  90  16  90
 35  14  36  14
 52  59  52  60
 10  49  10  50
 19  46  19  47
 43 111  44 111
 50 104  51 104
 15  43  16  43
 17 107  18 107
 43  30  43  31
 44  98  45  98
 34  59  34  60
 37  87  37  88
 30 100  31 100
 28  44  28  45
 33  62  33  63
 25   0  26   0
 33  66  33  67
 49 104  50 104
 40  27  40  28
 53  43  53  44
 32  51  32  52
 23  41  24  41
 12  75  13  75
 45  41  46  41
 54   3  54   4
 33  45  34  45
  8 103   8 104
  4  64   4  65
 29 100  30 100
  8  64   8  65
 14  42  15  42
  3  18   4  18
 26  57  26  58
 44   2  44   3
 12  62  12  63
 34  20  34  21
 44  93  45  93
 39  34  40  34
 33  46  34  46
 47  32  48  32
 17  65  17  66
 32 102  32 103
 35 104  35 105
  6  24   7  24
 52  57  53  57
 16 102  16 103
  4  28   4  29
 17  11  17  12
  0  76   1  76
 54  48  55  48
 47 101  47 102
  5  37   6  37
 29 105  29 106
  6  49   6  50
 41   3  42   3
 18  58  18  59
 50  80  51  80
 36  76  36  77
 18 110  19 110
  5  84   6  84
 43   6  43   7
 32  76  32  77
 31 103  31 104
 13  20  13  21
 39 107  40 107
 42  99  42 100
 28  61  28  62
 48 107  49 107
 19  37  19  38
 24 107  24 108
 34 107  35 107
 26 107  27 107
 10  56  11  56
 13  47  13  48
 34  78  35  78
 17  43  18  43
 45  48  46  48
 38  52  39  52
 22  57  22  58
 21  18  22  18
 51  52  51  53
 50  31  50  32
 27 105  27 106
 12  25  12  26
 40  79  40  80
 46 105  46 106
 27  27  27  28
 45  19  45  20
 18  99  19  99
 51  10  52  10
 13  21  13  22
 37 101  37 102
 52  72  52  73
  1  36   2  36
 50  80  50  81
 45  43  46  43
 29  34  29  35
 46  31  47  31
 40  91  41  91
 11  28  12  28
 27  45  27  46
 55  97  55  98
 26  13  27  13
 45  90  46  90
 37  79  38  79
 13  84  14  84
 51  90  52  90
 35   6  35   7
 25 101  25 102
 12 103  13 103
 27  22  27  23
 12  29  12  30
  0  62   0  63
  2  83   2  84
 18  83  19  83
 52  75  53  75
 14  42  14  43
  2  26   3  26
  9  86   9  87
 12  37  12  38
 37  54  37  55
 17  76  18  76
 37  99  37 100
 30  24  30  25
 19  92  20  92
  2  28   3  28
  3  51   4  51
  5  64   5  65
 11  37  12  37
 47  13  48  13
 26  71  27  71
 29  24  30  24
 29  10  30  10
 18  35  18  36
  9 110  10 110
 45  36  45  37
 17  87  18  87
 48  31  49  31
 20 101  20 102
 15  21  16  21
 21  93  21  94
  1  92   1  93
 40  54  40  55
 48  39  48  40
  1  38   2  38
 34  85  35  85
 10  88  10  89
 13  44  13  45
 24  46  25  46
  9 109   9 110
 12  87  12  88
 39 103  39 104
  5  18   6  18
 41   1  41   2
 36  49  36  50
 14   2  14   3
 17  27  18  27
 22   4  22   5
 20   3  20   4
 54  66  55  66
  7   6   7   7
 13  67  14  67
 41   1  42   1
 27  68  28  68
 18  23  19  23
 29  77  29  78
  4  91   5  91
  2  25   2  26
 40  83  40  84
 16  81  17  81
 48  24  49  24
  8  60   9  60
  4 110   4 111
 16  23  17  23
  3 106   3 107
 48  45  48  46
 42  75  43  75
 22  45  22  46
 39  77  39  78
 20  12  21  12
 34  32  34  33
 25  64  25  65
 11 110  11 111
  0  66   1  66
  6  29   7  29
 55   1  55   2
 46  45  47  45
 20  96  20  97
 53  89  53  90
 38  22  38  23
 40  18  40  19
 46  69  46  70
 39  55  39  56
 54  89  55  89
 50  72  51  72
 52  60  53  60
 41  34  41  35
 34  21  35  21
 18  45  18  46
 37  92  38  92
 26  89  27  89
 10  97  10  98
 11  83  11  84
 53  87  54  87
 24  49  25  49
  3 107   4 107
 11  98  12  98
 38  63  38  64
  3  92   4  92
 11  47  11  48
 22  30  22  31
 47  94  47  95
 52  90  53  90
  2  89   2  90
 43  93  43  94
 24   8  25   8
 13  56  13  57
  5 106   5 107
 48  49  48  50
 50  44  51  44
 44  91  45  91
 31   5  32   5
 19 105  19 106
 31  22  31  23
 35  90  35  91
 32  92  32  93
  8  89   8  90
 17  94  17  95
 31  35  32  35
 53  25  53  26
 21  13  22  13
 39  73  39  74
 28  65  28  66
 13   8  14   8
 33  73  33  74
 22  49  23  49
 14 106  15 106
 40  78  41  78
  9  44   9  45
 44  12  44  13
 50  51  51  51
 46  20  46  21
  1 111   2 111
 36  49  37  49
 20  41  20  42
 32  87  33  87
 24   6  24   7
  8   6   9   6
 49   6  49   7
 41  85  41  86
 52   8  53   8
  7  68   8  68
 16  95  17  95
 12  22  13  22
 23 109  24 109
 21  35  22  35
 36  66  36  67
  9   5  10   5
 47  12  48  12
  5  96   5  97
  4  25   4  26
  2  14   2  15
 40 108  41 108
 16  59  17  59
 27  72  27  73
  1   0   2   0
 17   2  17   3
 27  96  28  96
 49  20  49  21
 26  92  27  92
 41  66  42  66
 24  94  25  94
 55 106  55 107
 48  47  49  47
 24  60  24  61
 33  15  33  16
  9  43   9  44
 18  87  19  87
 20   4  21   4
 49 110  50 110
  4  40   4  41
 53  78  54  78
 24  80  24  81
  9  54  10  54
 16  71  17  71
 36  21  36  22
 37  58  37  59
 51  37  51  38
 33  71  34  71
 47  79  48  79
 25  23  25  24
 20  39  20  40
 32  23  32  24
  2  68   2  69
 18  63  18  64
  6  19   7  19
 12  71  13  71
 12  53  12  54
  1  15   1  16
  0  53   0  54
 20   2  21   2
 44  82  44  83
  2  35   2  36
 29  45  30  45
 25  97  26  97
 36  43  36  44
  0  14   1  14
  6   3   6   4
 32 104  32 105
 32  45  32  46
 31   9  32   9
 28  86  29  86
 18  51  19  51
 14  43  14  44
 54  36  55  36
 45  66  46  66
 50  84  51  84
 22  65  22  66
 28  57  28  58
 33  51  34  51
 13  33  13  34
 20  70  21  70
  5  91   5  92
  7  85   8  85
  7  10   8  10
 35  50  36  50
 11  37  11  38
  6  66   7  66
  0  10   0  11
 51  83  52  83
 28 104  28 105
 35  97  35  98
 17  93  18  93
 14  82  15  82
 50  33  50  34
 30  27  31  27
 37  49  37  50
 29  70  29  71
 12  30  12  31
  2  54   2  55
  3  49   4  49
 17 104  18 104
 12  49  12  50
  6  30   7  30
 37  26  38  26
 12  79  13  79
 14  96  14  97
 26  15  27  15
 35  13  35  14
 20  90  21  90
 37  90  38  90
 49  55  49  56
 12  13  12  14
 50  89  50  90
 24  49  24  50
 50  24  50  25
 29  17  29  18
 32  79  33  79
 24  65  25  65
 45  71  46  71
 18  29  18  30
 37  76  37  77
 43  15  43  16
 21  19  22  19
 42  72  42  73
 32  15  32  16
 39  47  40  47
  1  49   2  49
 30  18  31  18
  8  55   8  56
  9  92  10  92
 38  69  39  69
 26  28  27  28
  7  45   8  45
 44  75  45  75
 42  37  42  38
  2  82   3  82
 17  14  18  14
  8  39   8  40
 51  22  52  22
 32  50  33  50
 40  69  41  69
 37   7  38   7
  7   6   8   6
  7 108   8 108
  7  81   8  81
 26  82  27  82
 39  44  39  45
  9  80  10  80
 23  88  23  89
 14  62  15  62
 49  49  50  49
 41   7  41   8
 30  65  30  66
 21 103  22 103
 25 102  25 103
 21  84  21  85
 13  30  14  30
 39   1  40   1
 33  51  33  52
 41  13  42  13
 51  85  51  86
 16  99  16 100
 33  77  34  77
 34  61  35  61
 43  92  44  92
 40  55  41  55
 14  48  14  49
  7  93   8  93
 21 102  22 102
 24  86  25  86
 38  21  38  22
 11   9  12   9
 40  36  40  37
  7  82   8  82
 39 102  39 103
 41  12  42  12
  5  39   6  39
 50  52  50  53
 46  83  46  84
 36 110  36 111
 20  89  20  90
  1  31   1  32
 26  16  26  17
 51  93  51  94
 34  92  34  93
 17  94  18  94
 45  54  45  55
 27  39  28  39
 50  96  51  96
 26  54  26  55
 49 107  50 107
 19  30  19  31
 17  42  18  42
 20 109  20 110
 19  19  19  20
 36   8  37   8
 10  87  11  87
 23 110  23 111
 24  78  24  79
 48  97  49  97
  5  62   6  62
 12  13  13  13
 15  86  16  86
 42  42  42  43
 42  45  42  46
 27   7  28   7
 22  56  23  56
 30  49  31  49
 32  82  32  83
 12  98  12  99
  3  94   4  94
 21  39  21  40
 49  46  50  46
  8 106   9 106
 26  45  27  45
 29   0  30   0
 29  22  30  22
  4  19   4  20
 48  68  48  69
 48  43  49  43
 45  95  46  95
 27  34  28  34
 10  76  11  76
 20  10  20  11
  5  41   5  42
 17  58  18  58
  3  54   3  55
 18 108  19 108
 51  22  51  23
 45 107  45 108
 48 101  49 101
 35  12  36  12
 32  47  32  48
  0  52   0  53
 51  20  51  21
 25  56  25  57
 44 104  45 104
  0  28   1  28
 46   8  47   8
 46  38  47  38
 36  37  37  37
  6 104   7 104
  9  79   9  80
 55 102  55 103
  5 109   6 109
 19  21  19  22
 23  98  24  98
 47 105  48 105
 17  47  17  48
 12  44  13  44
 15  61  16  61
  6  68   6  69
 10  68  10  69
 24  57  25  57
 33  19  34  19
  3  15   3  16
 12  43  12  44
  1  11   2  11
 54  28  55  28
  9  30   9  31
 52  93  53  93
 38  73  39  73
 26  86  27  86
 33  58  33  59
 30  25  31  25
 16  30  16  31
 53  32  53  33
 38  74  39  74
 53  89  54  89
 41  31  42  31
 16  70  17  70
 35  31  36  31
  3  96   3  97
  7  32   8  32
 31  13  31  14
  7   1   8   1
  3   0   4   0
  4  68   4  69
 39  67  40  67
 50 108  50 109
  4  65   4  66
 18  57  19  57
 53  62  54  62
 50  64  51  64
 21  31  22  31
 20  81  20  82
  7  65   8  65
 18  74  19  74
 47  41  47  42
 34  10  35  10
 33  74  33  75
 22  10  22  11
 43  22  44  22
 16   5  17   5
 54  25  55  25
 52  56  53  56
 44  64  44  65
 22  29  22  30
 27 106  28 106
 16 108  17 108
 16  39  16  40
 44  52  44  53
 26  75  27  75
 45 110  45 111
 22  66  22  67
 45 102  45 103
  4  27   5  27
 20  87  21  87
  4  94   5  94
 21 106  22 106
 48  89  48  90
 48   1  49   1
  8  63   8  64
 55  10  55  11
 18  45  19  45
 31 109  32 109
 52  39  52  40
 41  76  42  76
 35  41  36  41
 21  21  21  22
 23  12  23  13
 47  83  47  84
 31  57  31  58
 29  77  30  77
 46  56  47  56
  2  34   2  35
  9  58  10  58
 28   1  29   1
 24  43  25  43
 49  21  49  22
 33   6  33   7
 38 110  39 110
 44  64  45  64
  4  37   5  37
  1  21   2  21
 29  74  30  74
 19  95  20  95
  2  52   3  52
 13  89  13  90
  1  36   1  37
 18  12  19  12
 37  39  38  39
 44  91  44  92
 22  59  23  59
  4  50   5  50
 53  94  54  94
  7  67   8  67
 42  20  42  21
 49  43  49  44
 26  79  27  79
 41   8  42   8
 46  37  47  37
 23 109  23 110
 14  66  15  66
 11  79  11  80
  6  20   6  21
 10 100  11 100
  2  16   3  16
 19  84  19  85
 49  89  49  90
 27  23  28  23
  8 103   9 103
 55  51  55  52
 45  98  46  98
 40  19  40  20
 21  93  22  93
 50  17  51  17
  3  87   3  88
 17  54  17  55
 22 103  23 103
 10  41  11  41
 24  69  24  70
 16   6  17   6
 39  22  40  22
 46   7  46   8
 21  92  22  92
  0  47   1  47
  6  10   6  11
 41 104  41 105
 49  50  50  50
 16  25  17  25
 16   2  17   2
 19  12  20  12
 12  52  12  53
 10  15  10  16
 39  92  40  92
 24  40  25  40
 16  98  17  98
 36  58  37  58
 13  52  14  52
 21  72  22  72
  5 108   5 109
 18  19  19  19
 23  22  24  22
 53   5  53   6
 14   0  15   0
 25  16  26  16
 24   5  24   6
 29  63  30  63
  2  45   3  45
 52  62  52  63
 43  41  43  42
 14  37  15  37
 22  51  22  52
  0  57   1  57
 12  80  13  80
  3  52   3  53
 45   5  45   6
 55 100  55 101
 51  84  52  84
 35 109  35 110
 44  59  45  59
 50  92  51  92
  8  72   9  72
 17  85  17  86
 19  22  19  23
 26  10  26  11
 45  13  46  13
  4   0   5   0
 13   7  13   8
 32  50  32  51
 18  14  19  14
 38  83  38  84
 54  14  54  15
 29  95  29  96
 37  21  37  22
  5  33   5  34
 26  45  26  46
 15  47  15  48
 39  89  39  90
 17  22  17  23
 20  78  21  78
 10  26  10  27
  1  85   2  85
 51  72  51  73
  0  89   0  90
  2  86   3  86
 31  51  31  52
 30  53  30  54
 54  38  55  38
  4 106   5 106
 47  71  48  71
 51 109  51 110
 54  76  55  76
 30  26  30  27
 26  95  26  96
 43  59  44  59
 32  75  32  76
 40  50  40  51
 40  89  40  90
 12 102  13 102
 35   6  36   6
  9  49  10  49
 16  78  17  78
 47  24  48  24
 39  64  40  64
 34  17  34  18
 24  44  24  45
 49  63  50  63
 48  92  48  93
 14  30  14  31
  1  44   1  45
 50  88  51  88
  8  83   9  83
 35  10  35  11
 33  29  34  29
 54  12  54  13
 45  11  45  12
 13  83  14  83
 24 105  25 105
  8  23   8  24
 19 103  19 104
 36  80  37  80
  5 111   6 111
 45 103  46 103
 54  44  54  45
 16  96  17  96
 29  27  29  28
 33  28  33  29
 33  17  33  18
 20  50  21  50
 33  65  34  65
  9  35   9  36
 36  18  36  19
 12  69  12  70
 12  11  13  11
 12  79  12  80
 17  90  18  90
  4  80   4  81
 42  38  42  39
 25  93  26  93
 41  10  41  11
 52  43  53  43
  5 101   5 102
 17  53  18  53
 50  28  51  28
 34  99  34 100
 20  83  20  84
 46  85  47  85
  7 103   8 103
 47  64  47  65
 29  36  30  36
 36  10  36  11
 27  76  28  76
  3  37   3  38
 46  46  47  46
 26  84  26  85
  5  15   5  16
 50  46  50  47
 19  38  20  38
 33  69  33  70
 44 102  45 102
 25  43  25  44
 35  94  36  94
 17  13  17  14
 38 109  38 110
 29  65  29  66
 20  92  20  93
 28  66  29  66
 37  94  38  94
 54  57  54  58
 52  36  52  37
 31  64  31  65
  1  90   1  91
 51  74  52  74
 48  89  49  89
  3 102   4 102
 51  89  52  89
 32  84  33  84
  3   6   3   7
 32  21  32  22
 36  18  37  18
 54  61  54  62
 40  98  40  99
  2  61   2  62
 16 100  16 101
 18  60  19  60
 48   0  48   1
 37  41  38  41
 32  90  33  90
  1  83   2  83
 31  54  31  55
 41  49  41  50
 20  66  20  67
 32   3  32   4
 16  36  17  36
 48   5  49   5
 44  72  44  73
 36  35  36  36
 23  49  24  49
 47  49  48  49
 40  87  41  87
  4  44   5  44
 20  64  20  65
 47  96  48  96
 11  66  11  67
  0  20   1  20
 53  42  54  42
 27  19  27  20
 46 104  46 105
  5  46   5  47
  8  59   9  59
 19  58  20  58
 22  17  23  17
 36  82  36  83
 30  66  31  66
 36  75  36  76
 33  88  33  89
 32  44  32  45
  1   2   1   3
  4  89   5  89
 27  73  28  73
  1  25   1  26
 30   4  30   5
 24  26  24  27
 13  24  14  24
 35  63  36  63
 49  84  49  85
 14  91  14  92
 41  30  42  30
 48  34  49  34
  1  89   2  89
 40  67  40  68
 43   1  43   2
 33  64  33  65
 53  30  53  31
 28  19  28  20
 21  36  22  36
 17  83  18  83
  4  96   5  96
 10  82  11  82
 35   1  36   1
 53  90  54  90
 10  34  10  35
 19  61  20  61
 19  51  19  52
 38  62  39  62
 15  19  16  19
 12  68  12  69
 44  20  44  21
 36  40  37  40
 50  15  51  15
  0  94   1  94
 45  23  45  24
 48  69  48  70
 42  21  42  22
 33  86  33  87
 31  91  31  92
 35  82  35  83
 39  35  40  35
 43  18  43  19
 30 105  30 106
  4  87   4  88
  0  12   1  12
  2  48   2  49
 49  76  50  76
 26  28  26  29
 25  85  25  86
 54  56  55  56
 35  56  36  56
 26 106  26 107
 23 106  24 106
 46  50  46  51
 27 101  27 102
  5  90   6  90
  9  36  10  36
 46  13  46  14
 41  27  41  28
 10  94  11  94
 33  16  33  17
 19 111  20 111
 17  85  18  85
 29  21  30  21
  8  48   9  48
 35  16  36  16
 47  37  47  38
 28  54  29  54
 39  43  40  43
 32  39  33  39
 40  63  41  63
  2  72   2  73
 39 101  39 102
 44  78  44  79
 25  96  26  96
 22  93  23  93
 38  65  38  66
 45   0  46   0
 48  26  49  26
 24  90  24  91
  9  99   9 100
  9  62  10  62
  6  84   6  85
 48  83  49  83
 31  63  31  64
 39   9  39  10
 50  33  51  33
 52 100  52 101
 46   1  46   2
 21  59  21  60
  3  86   3  87
  4  26   5  26
 41  98  41  99
 29  43  29  44
 23  75  23  76
 34  41  35  41
 50  91  50  92
  5  54   6  54
 14  23  15  23
 17   6  17   7
 10  51  11  51
 39  36  39  37
 48  76  48  77
 14  69  15  69
  2  30   3  30
 15  23  15  24
  5   2   5   3
  8 100   8 101
 17  98  17  99
 16  60  17  60
 28  23  28  24
 10  85  10  86
 12  17  13  17
  5  94   6  94
 54   3  55   3
 49  54  49  55
 50  27  50  28
 11  74  11  75
 23  94  23  95
 42  53  43  53
 19  74  19  75
 47  65  48  65
 45 100  46 100
 12  16  13  16
 34  71  35  71
 32 101  32 102
 55  99  55 100
 31  53  32  53
 18  24  18  25
 47   6  48   6
 28  24  28  25
 51  14  52  14
 13  16  13  17
 18 101  18 102
 19  10  20  10
 15  74  15  75
 54  63  55  63
  0  96   1  96
 48  42  49  42
 41 109  42 109
 37  94  37  95
 48  64  48  65
 50  81  50  82
 16  66  17  66
  4  17   4  18
 40  29  41  29
 54  56  54  57
 34  98  35  98
 54  54  54  55
 20  17  21  17
 19  70  20  70
  6  62   6  63
 29 106  29 107
 30  54  31  54
 17  77  17  78
 48  32  49  32
 49  42  49  43
 41  19  42  19
  9 110   9 111
 28  37  29  37
 52  64  52  65
  2  41   3  41
  4  20   4  21
 26  63  26  64
 50  74  50  75
 25  54  26  54
 44  25  45  25
 11 101  12 101
  2  31   2  32
 24  62  24  63
 53  72  53  73
  7  72   7  73
  8  51   8  52
 22  52  23  52
 48  97  48  98
 38 101  38 102
 11  11  12  11
 23  85  24  85
  5   9   5  10
  2  36   3  36
 34  49  35  49
  6  85   7  85
 51  91  52  91
 46  86  46  87
 38  75  39  75
  0  84   0  85
 35 104  36 104
 42  26  42  27
 45  12  46  12
 27   4  27   5
  9  39  10  39
 35 105  35 106
 35  75  36  75
 32  80  32  81
  1  77   2  77
 23  59  23  60
 47  17  48  17
 30  33  30  34
  9  38   9  39
  7  35   7  36
 20 106  21 106
 23  57  24  57
 17  69  18  69
 47  33  48  33
 17  60  18  60
 54  80  55  80
 25  19  25  20
  1  99   1 100
 13 100  14 100
 13  97  13  98
 41  82  41  83
 11  21  11  22
 19  57  20  57
  8  17   8  18
 32  43  32  44
 53   5  54   5
 53  92  54  92
 26   0  27   0
 37 103  38 103
 20  92  21  92
 33   1  33   2
 35  87  36  87
  3   9   3  10
 22  77  23  77
 25  18  26  18
 35  32  35  33
 50  67  51  67
  0  96   0  97
 32  89  33  89
 39  96  40  96
 19   8  20   8
 15  39  16  39
 39 100  39 101
 23  90  24  90
 43 102  44 102
 41  75  41  76
  8  64   9  64
 33  25  34  25
 33  57  34  57
 44  80  45  80
 18  90  18  91
 30  21  31  21
  0  79   1  79
  4  88   4  89
 53  96  54  96
 45  89  46  89
 26  58  26  59
  8  76   9  76
 35  30  36  30
 32  11  32  12
 47  76  48  76
 24  81  24  82
 35  37  35  38
  8   1   8   2
 34  24  34  25
  3   5   3   6
 50   1  51   1
 25  63  25  64
 42  12  43  12
 40  84  40  85
 51  75  52  75
  2  31   3  31
 51  45  51  46
 51  23  52  23
 26  55  27  55
 14  14  14  15
 25  81  25  82
 48  17  49  17
 14  64  14  65
 37  21  38  21
 51   6  52   6
 49  88  49  89
  6  28   6  29
 20  25  20  26
  6 108   7 108
 14  29  15  29
 37  33  37  34
  3  90   4  90
 49  96  49  97
 22 101  23 101
 30  60  30  61
 30  47  30  48
 35 108  35 109
 50  97  50  98
 39  58  39  59
 30  80  30  81
 55 108  55 109
 24  53  24  54
 19  60  20  60
  8 104   8 105
 45  65  46  65
 25  54  25  55
 38  14  38  15
 29  97  29  98
  4  11   5  11
 41  39  42  39
 30  94  30  95
  2  57   2  58
 17   1  18   1
 41  53  42  53
 17  23  17  24
 28  90  29  90
 15   9  16   9
  9   1  10   1
 19  62  20  62
 29  57  30  57
 14  38  14  39
 25  13  26  13
 37  96  37  97
 39  50  40  50
  8  88   9  88
 52  89  52  90
 47  61  48  61
 45  21  46  21
  2  59   3  59
 49  30  49  31
 40  55  40  56
  7  15   8  15
 39   3  40   3
 36 105  37 105
 27  48  28  48
  8  26   9  26
 24 102  24 103
 42  56  43  56
 24  65  24  66
 30  83  30  84
  0  27   1  27
 21  61  21  62
 48  28  49  28
 28  70  28  71
 33  80  33  81
  4   1   4   2
 36  54  36  55
  5  87   6  87
 35  77  36  77
 35  85  36  85
 15  15  16  15
 55  22  55  23
 47  41  48  41
 47 100  47 101
  3   3   4   3
 11  50  11  51
 47  69  47  70
  4  45   4  46
 31  92  32  92
 17  64  17  65
 31  42  32  42
 13  74  13  75
  5  82   6  82
 34  60  35  60
 28  13  29  13
 31  97  31  98
 51  21  52  21
 24  32  25  32
  7  13   8  13
 45 107  46 107
 15  69  15  70
 53  93  53  94
 17  40  17  41
 52  28  53  28
 29  55  29  56
  8  62   8  63
 18  70  19  70
 10   3  10   4
 23  96  23  97
  6  26   6  27
 14  76  15  76
  5  34   5  35
 53  10  53  11
 46  64  46  65
 33  95  34  95
  8 101   9 101
  7  23   7  24
 21  30  21  31
 21  10  22  10
 46  14  47  14
 30  96  31  96
 40  76  40  77
 10  99  10 100
 50  38  51  38
 40  40  40  41
 26  63  27  63
 43  81  44  81
 53  52  53  53
 40  35  41  35
 11  81  12  81
 47  43  47  44
 19  75  20  75
 52  70  52  71
 11  61  11  62
  8  92   8  93
 27  94  27  95
 23  33  24  33
 18  54  19  54
 40  38  40  39
 53  17  53  18
 31  26  32  26
 28  86  28  87
 50  25  50  26
 37  38  37  39
 48  11  48  12
  6  77   6  78
 46  24  47  24
 12  83  12  84
  7  43   7  44
 16  20  16  21
 41  18  42  18
 43  39  43  40
 45  22  45  23
 50  26  51  26
 29  50  30  50
 30  28  31  28
 26  33  26  34
 55  20  55  21
 39 106  39 107
 11   4  12   4
 44 111  45 111
 46  67  46  68
 29  69  30  69
  7  73   8  73
 48  95  49  95
 26  27  26  28
  6  51   6  52
 16  55  16  56
 28  89  29  89
 43  66  43  67
 43  95  43  96
 51  58  51  59
  5  56   5  57
  3  99   4  99
 13  34  14  34
 40  56  41  56
 19  85  20  85
 10  53  10  54
 32  96  33  96
 45   5  46   5
 37  13  37  14
  4  33   4  34
  2   1   3   1
 42  81  43  81
 45  42  46  42
 32  67  33  67
 43 107  43 108
 33  70  34  70
 10  75  11  75
 18  46  19  46
 32  64  33  64
 44  89  45  89
 22  78  22  79
  1  50   2  50
 12  44  12  45
 42  87  42  88
 48  65  48  66
  7   8   8   8
  5  42   6  42
 10  23  10  24
 16  37  17  37
 26  12  27  12
  6  82   6  83
 42  44  42  45
 31  81  32  81
 26  74  26  75
  0  68   1  68
 41  79  41  80
 52 105  53 105
 16  62  16  63
 33  25  33  26
 37  85  38  85
 26  29  26  30
 37  39  37  40
 14  25  15  25
 49   7  49   8
 30  90  31  90
 10  62  10  63
  1  72   1  73
 21  74  21  75
 11  70  11  71
 10  31  11  31
 25  96  25  97
 27  35  28  35
  4   5   5   5
 41  80  42  80
 25   8  25   9
 25  34  26  34
 21  36  21  37
 13  55  14  55
  5  32   5  33
 34  31  35  31
 23  92  23  93
 18 107  19 107
 18  78  19  78
 41  40  41  41
 24   7  25   7
 26  64  27  64
 16  87  16  88
  5  49   5  50
 42 106  43 106
 11  89  12  89
 49  79  50  79
 54  49  55  49
  4 100   4 101
 15  42  16  42
 43 106  43 107
 51 107  51 108
 34  97  34  98
 41 101  42 101
  1  27   1  28
 46  60  46  61
 25  39  26  39
 30  76  30  77
 28  49  29  49
 24  45  24  46
 30  91  30  92
 30  70  30  71
  6   7   6   8
 47  21  48  21
 42  88  42  89
 29  23  30  23
 20  23  20  24
 18  80  19  80
 38   8  39   8
  1  58   1  59
 12   9  13   9
  5  33   6  33
 20  97  21  97
 53  38  53  39
 37  86  38  86
 15 100  15 101
 42  48  42  49
 51  17  51  18
 50  26  50  27
 40   6  41   6
  6  16   6  17
 31  66  31  67
  5 100   5 101
 21  27  21  28
 38 103  38 104
 26  19  26  20
  8   7   8   8
 43  48  44  48
 38  88  39  88
 10  68  11  68
 14  38  15  38
 42  58  43  58
 25  83  26  83
 45  14  46  14
 43  99  44  99
 53  61  54  61
 25  69  26  69
  9   8  10   8
 25   2  25   3
 11  11  11  12
 15  18  16  18
 34  28  35  28
 14  71  15  71
 36 109  36 110
 16 110  17 110
 22  31  22  32
 21  52  21  53
  1   8   2   8
 54 109  54 110
 37  73  37  74
 47  44  47  45
 16  33  16  34
 34  16  34  17
  6  87   6  88
 13  69  13  70
 30  47  31  47
  5  40   6  40
  5  77   6  77
 54  36  54  37
 19 107  20 107
  1  68   2  68
 14   9  15   9
 51  89  51  90
 25  67  26  67
 42  63  42  64
 35  95  35  96
 25  10  25  11
 29 102  29 103
 36 100  36 101
 20  13  20  14
 31  74  32  74
  6  77   7  77
 54  21  54  22
 17  89  17  90
  0   4   0   5
  7  51   7  52
 14  12  14  13
 28  66  28  67
 42  54  42  55
 27  95  27  96
 39 104  39 105
  4  98   5  98
 42  96  42  97
 37  67  38  67
 46   0  46   1
 10  94  10  95
 38   2  38   3
 43  31  44  31
 18  36  19  36
 25  80  25  81
 38  75  38  76
  1  59   2  59
  8  38   9  38
 10   5  11   5
 52  61  53  61
  6  55   7  55
 30  99  30 100
 10  86  11  86
 18   7  18   8
 29  45  29  46
 51  51  52  51
 36   4  36   5
 13  88  14  88
 25  35  25  36
  7  73   7  74
  3  24   3  25
  1  45   1  46
 26  46  27  46
 47  62  48  62
 42  49  42  50
 54  92  54  93
 28  55  28  56
 24  39  25  39
 42  29  43  29
 18  99  18 100
  5  89   6  89
 44  32  44  33
  1  84   1  85
 47  14  47  15
 47  77  48  77
  8  62   9  62
  0  30   1  30
 30  13  31  13
 34  80  35  80
 38  90  38  91
 15  18  15  19
 31  85  32  85
 43  38  43  39
 14  13  14  14
 17 109  18 109
  4   5   4   6
 26   5  27   5
 47  78  47  79
 33  71  33  72
 18  60  18  61
  5  74   5  75
 39  71  39  72
  7  65   7  66
 34   3  34   4
 30  74  30  75
 24  38  24  39
 11 105  11 106
 48  84  49  84
 13  11  13  12
 11  43  12  43
 28  18  29  18
 52  20  52  21
  3 101   3 102
 29  38  30  38
 11  70  12  70
 52  41  53  41
 42  67  42  68
 54  23  54  24
 14  17  14  18
 38   0  38   1
 51  59  51  60
 23  82  24  82
 32  70  33  70
 35 108  36 108
 44  36  45  36
 19  82  19  83
 20  37  20  38
  5  30   5  31
 28  20  28  21
 30  11  30  12
  8  82   9  82
  8  74   8  75
 52  50  53  50
 29  72  29  73
 54  47  54  48
 12  32  12  33
 43  37  43  38
 13 103  13 104
 21  67  22  67
 20   5  20   6
 48  96  48  97
  8  56   9  56
 11  14  11  15
 13  86  14  86
 29  67  29  68
 33  40  33  41
 33  60  33  61
 42  65  43  65
 29  27  30  27
 53  39  53  40
 49  82  49  83
 38  35  38  36
  6  16   7  16
 50  10  50  11
 24  91  24  92
  1 103   2 103
 36  84  36  85
 11  54  12  54
 33  91  34  91
  5  24   6  24
 12  70  12  71
 10  35  11  35
 42 110  43 110
 46  48  47  48
 20  12  20  13
 54 110  54 111
  2  84   3  84
 10  61  10  62
  1  97   1  98
 46  51  46  52
  5  48   5  49
 10  40  11  40
 49  56  50  56
 48  60  48  61
 12  94  12  95
 33 100  34 100
 25   3  26   3
 16  70  16  71
 32  16  32  17
  5  43   6  43
  5  71   6  71
 18  82  19  82
 22  33  22  34
 40  46  40  47
 34 109  34 110
 50  90  50  91
  9  22   9  23
 51  39  52  39
 31 104  31 105
 41 108  41 109
 21  10  21  11
 45  72  46  72
 49  69  50  69
  4  32   5  32
 44  13  44  14
 23  39  24  39
  5  75   6  75
 48  93  48  94
 33  58  34  58
 54  64  54  65
 12   3  12   4
 34  63  34  64
 43  85  43  86
 50  78  51  78
 43 109  44 109
 24  40  24  41
 40  16  41  16
  2  59   2  60
 27  72  28  72
  0  44   1  44
 23  30  23  31
 25  13  25  14
 33   2  34   2
 10 108  10 109
 45  62  46  62
 44  40  44  41
 41  50  41  51
 19  62  19  63
  5  66   6  66
 44  24  45  24
 30  36  30  37
 16  74  16  75
 45  23  46  23
 36  46  37  46
 17  18  18  18
 23  67  24  67
 13  36  14  36
 46  65  47  65
 17  34  17  35
  3  97   3  98
 25   6  25   7
 32  63  33  63
 17  17  18  17
 23  84  24  84
  2   8   3   8
 29  89  30  89
 15  99  15 100
  9 107  10 107
  0  82   0  83
 30  21  30  22
 22  11  23  11
 48  93  49  93
 35  94  35  95
 30  24  31  24
 42  28  43  28
 39   2  40   2
 33  14  33  15
  3  61   4  61
  2  27   3  27
 10  51  10  52
 28  14  28  15
 13  31  14  31
 20  82  21  82
  9  65  10  65
 14  54  14  55
 26   2  26   3
 15  12  15  13
  5  28   5  29
 28  47  28  48
 36  69  37  69
 29  87  29  88
  8  13   9  13
 30  86  30  87
 38  45  38  46
 34  81  34  82
 15  84  16  84
  0  17   0  18
 30  43  31  43
 33  11  33  12
 36  57  36  58
 32  92  33  92
 18  72  18  73
 16 105  17 105
  2  42   3  42
 52  63  52  64
 12  73  12  74
 21  54  21  55
 53  38  54  38
 42  27  43  27
 52  55  52  56
  5 110   5 111
 15  96  16  96
 13  13  13  14
 41   5  41   6
 23  62  23  63
 19  73  19  74
 10 104  11 104
 27  83  27  84
 48  17  48  18
 19 108  19 109
  2  39   3  39
 29 101  30 101
  9 103   9 104
 54 100  54 101
 17  92  18  92
 17  82  17  83
  2  91   2  92
 46  45  46  46
  8  30   9  30
 15  62  15  63
 17  47  18  47
 50  40  50  41
 54   0  55   0
 29  25  30  25
 52  46  53  46
 10  10  11  10
 55  84  55  85
 21 108  21 109
 12 105  12 106
 38  76  38  77
 50  68  50  69
  1  66   1  67
 18  74  18  75
  8  48   8  49
 40  20  41  20
 44  46  45  46
 29  16  29  17
 45   1  46   1
  7  80   7  81
 43  17  43  18
 18  59  19  59
 44  45  44  46
 36 104  37 104
 30  28  30  29
 41  50  42  50
  2 100   3 100
  9   9   9  10
 48 105  48 106
 28  29  29  29
 37 104  37 105
 43  71  44  71
  9   1   9   2
 48 100  49 100
 15  69  16  69
 36  13  37  13
 27  98  27  99
 34  73  35  73
 25  29  25  30
 39  70  39  71
 46  21  47  21
 29   8  30   8
 21  99  22  99
 13  68  14  68
 18  11  19  11
 17  97  17  98
 53  33  54  33
 32 100  33 100
 34  11  35  11
 47 109  47 110
  1  59   1  60
 48  54  49  54
 12  85  13  85
 43   4  43   5
 43  33  43  34
 36 103  37 103
 49  41  49  42
  6  73   6  74
 29  92  29  93
 30 101  30 102
 55  47  55  48
 18  65  18  66
  7  59   7  60
 15  81  16  81
 36  72  36  73
 20  85  21  85
 52  86  52  87
 29   4  29   5
  8  24   8  25
  7 111   8 111
  8  59   8  60
 32 110  32 111
 10 111  11 111
 31 107  31 108
 22 103  22 104
 40  60  41  60
 28   8  29   8
  1  68   1  69
 24  98  25  98
  4  16   5  16
 18  84  18  85
 31  68  31  69
  4  58   5  58
  6  34   7  34
 33   5  33   6
 16  40  17  40
  5  25   5  26
 42  61  42  62
 35  15  36  15
 49  40  49  41
 26  53  26  54
 13   9  14   9
 45  86  45  87
 10  59  10  60
  6  99   7  99
 26  66  26  67
 36   3  37   3
  9  21  10  21
 52  96  52  97
 36  11  37  11
 34   2  35   2
  7  38   7  39
 11  64  12  64
 53  63  54  63
  9 108  10 108
 49  64  49  65
 33  21  34  21
 25  49  25  50
 20  77  21  77
 27  31  28  31
 43  27  44  27
 54   0  54   1
  1  22   2  22
 13  44  14  44
 10  57  11  57
 50  99  51  99
  7  55   8  55
 31  62  31  63
 35  93  36  93
  5  46   6  46
 21  90  21  91
 47  85  48  85
 26  64  26  65
 20  31  21  31
 28  45  28  46
 28  35  29  35
 12  74  12  75
 24  45  25  45
 50  38  50  39
  1  79   1  80
  3  78   4  78
  8  94   8  95
 29  90  29  91
 35  32  36  32
 36  81  36  82
  3  51   3  52
 39  25  39  26
 10  28  10  29
 43  75  43  76
 17  20  18  20
 14  21  14  22
 13 102  14 102
 21  82  21  83
 12  26  12  27
 39 111  40 111
 55   4  55   5
  5  45   5  46
  6  38   6  39
 11 106  11 107
 31  60  32  60
 27  32  28  32
 32  74  32  75
 23   0  23   1
 11  65  12  65
 17  39  18  39
 11  94  12  94
 21  43  22  43
  2  63   2  64
 40  33  41  33
 14   0  14   1
 54  18  54  19
 26  47  26  48
 44  63  44  64
  7  48   8  48
 24  13  24  14
 37  19  38  19
 26   3  26   4
 23  69  24  69
 26  14  26  15
 29 108  29 109
  7  66   7  67
 41  84  42  84
 47  78  48  78
 38   9  38  10
 49   8  49   9
 18 100  18 101
 30  44  30  45
 39  58  40  58
 39  65  39  66
 19   4  19   5
 35  96  35  97
 24  87  25  87
 50  52  51  52
 52   2  52   3
 24  42  24  43
 19  80  20  80
 28  25  28  26
 43  36  43  37
 14  68  15  68
 24  68  24  69
 38  90  39  90
 19  91  19  92
 50  71  51  71
 13  77  13  78
 11   6  11   7
 44  52  45  52
 39  40  39  41
 13 104  14 104
 39  81  39  82
 10  11  11  11
  8   8   8   9
 21  83  21  84
 44  29  44  30
 31  49  31  50
  5  13   6  13
 14  53  14  54
 52  49  53  49
 17  77  18  77
  9  34   9  35
  8  65   8  66
  0 102   0 103
 47  60  48  60
 29  89  29  90
  7  16   8  16
  5  57   5  58
 44  68  45  68
 55 103  55 104
 36  16  37  16
 17 100  17 101
 30 104  31 104
 31  24  32  24
 15  31  15  32
 43 109  43 110
 24  81  25  81
 48  77  48  78
 42  36  42  37
 25  37  26  37
 36  79  36  80
 34  36  35  36
 53  20  53  21
 22   5  23   5
  8  25   8  26
 31   3  32   3
 19  83  20  83
 51  78  52  78
 25  21  25  22
 44  72  45  72
 35  64  36  64
  0  24   0  25
 54  26  54  27
 44  45  45  45
 53  73  53  74
 32   3  33   3
 29  79  30  79
 28  63  28  64
 16   6  16   7
 51   3  52   3
 25 101  26 101
 15  34  15  35
 35  76  36  76
 24  59  24  60
 26  94  26  95
 49  90  49  91
 45  92  46  92
  9  32   9  33
 16  44  16  45
 37   2  37   3
 34  20  35  20
  5  22   5  23
 31  60  31  61
 49  99  49 100
 37  99  38  99
 32  99  33  99
  9  71   9  72
 25  25  25  26
 14 103  14 104
 45  46  45  47
 28  27  29  27
  3 103   4 103
 38  47  39  47
 39  51  39  52
 26  12  26  13
 43   7  43   8
 23  61  24  61
 16  63  17  63
 25  27  25  28
  0  64   1  64
 22  79  23  79
 37  41  37  42
  4   6   4   7
 11  63  12  63
  2  52   2  53
 17 101  17 102
  1  72   2  72
 10  60  11  60
 39 100  40 100
 21  45  22  45
 42  97  42  98
 48  23  49  23
 19  97  20  97
 25  92  26  92
 25  24  26  24
 45  77  45  78
 46  84  46  85
 50 101  50 102
 52  16  53  16
 12 105  13 105
  3  20   3  21
 49  95  50  95
 38  71  39  71
  1  51   1  52
 32  96  32  97
 37  64  37  65
  8  10   9  10
 47  96  47  97
 53 101  54 101
 30  84  31  84
 54  90  54  91
 14  62  14  63
 27  34  27  35
 41  83  42  83
 21  80  21  81
 51  57  51  58
 26  56  27  56
 34  47  35  47
 17  52  17  53
 29  30  30  30
 43  30  44  30
 34  51  35  51
 37  33  38  33
 52 106  53 106
 39  30  40  30
 46   4  46   5
 21 107  21 108
 35  88  35  89
 36  15  36  16
 20  62  21  62
 35  27  35  28
 35  81  35  82
 48  74  49  74
 29  78  29  79
 29  32  29  33
 41 100  42 100
 46  28  47  28
 31   2  32   2
 14  73  14  74
 27  17  28  17
 51 104  51 105
 20  65  20  66
  8   6   8   7
 45  21  45  22
 40  61  41  61
 39  66  40  66
  1  53   1  54
  6  25   7  25
 31 101  32 101
 38  29  38  30
  2  20   3  20
  9  48  10  48
  2  29   2  30
 41   3  41   4
 13  19  13  20
  4 108   4 109
  9   3  10   3
 47  67  47  68
  5  78   6  78
 15  59  15  60
 51   0  51   1
 11  10  12  10
  6  68   7  68
 32  16  33  16
 22  62  23  62
 27 109  28 109
 24  24  24  25
 18  55  18  56
  8  53   8  54
  9  90   9  91
 49  83  49  84
 49  78  50  78
  2  44   2  45
 41  88  42  88
 11  25  11  26
 12  18  12  19
  1  10   2  10
 20  22  20  23
 32 107  32 108
  6  76   7  76
 46  33  47  33
 45  13  45  14
  9  47   9  48
  3  14   4  14
 16  44  17  44
  1   7   1   8
 28  39  29  39
  4  76   5  76
 10  84  11  84
 25  86  25  87
 11  82  11  83
  0  41   0  42
  6  42   6  43
 44  22  44  23
 15  45  15  46
 15  64  16  64
 12  61  12  62
 29  58  29  59
 19  72  20  72
 54   6  55   6
 26  99  27  99
 10  56  10  57
 15   4  16   4
  5  58   6  58
 18   2  19   2
 28  28  29  28
 48   8  49   8
 32  66  32  67
  4  40   5  40
 49   4  50   4
 50  92  50  93
 12  72  13  72
 45  54  46  54
  0  54   0  55
 20  38  20  39
 45 110  46 110
 18  15  18  16
 27  17  27  18
 16  99  17  99
  0  85   1  85
 43  98  44  98
  8 109   9 109
 22  10  23  10
 26  96  27  96
 23  30  24  30
 51  57  52  57
 28  51  28  52
 21  26  22  26
 37  13  38  13
 44  12  45  12
 36 106  36 107
  5   5   6   5
  9  65   9  66
 51  27  52  27
 20  21  20  22
 21  25  21  26
 13  93  14  93
 34  42  35  42
  8  18   9  18
 18  69  18  70
 44  50  45  50
 45  74  45  75
 13  53  13  54
 29   9  30   9
 16  51  16  52
 44   9  45   9
  5  98   6  98
  0  52   1  52
  3  22   3  23
 35  74  35  75
 50  21  51  21
 15  23  16  23
 23   5  23   6
 48   7  49   7
  2   5   2   6
 37   8  37   9
 40  80  40  81
 41   2  42   2
 19  98  19  99
  3  39   4  39
 28  68  28  69
  7  57   7  58
  2  86   2  87
 10   2  10   3
 31  45  32  45
 31  89  31  90
 42  17  42  18
 39  59  40  59
  9  82   9  83
  2 105   3 105
 16  38  16  39
  6  48   7  48
 21  34  22  34
 54  94  55  94
 43  83  44  83
 25 108  25 109
 37  76  38  76
  0  88   0  89
  1 100   1 101
 20  36  21  36
  9  24  10  24
 24  10  25  10
 19  75  19  76
 29  63  29  64
  0  37   0  38
 15  46  16  46
 44   2  45   2
  7   7   7   8
 20  45  20  46
 27  12  27  13
 14   4  15   4
 52  35  52  36
 37  66  38  66
 22  37  22  38
 34   9  35   9
 31  67  31  68
 48  18  49  18
 26  68  26  69
 49  19  49  20
 33  34  33  35
 16 101  17 101
 44  46  44  47
 51  25  51  26
  7  41   8  41
 53 102  53 103
 50 109  50 110
 27  15  27  16
 24   9  25   9
  1  86   2  86
 23  82  23  83
 49  75  49  76
 49  81  50  81
 19  55  20  55
 47  36  48  36
  6  61   6  62
 44  63  45  63
 18  96  19  96
 18 107  18 108
 24  82  25  82
 10 105  10 106
 54 106  55 106
  3  13   4  13
 21  29  22  29
 32  99  32 100
  1 101   2 101
 12  51  13  51
 14  99  14 100
 25  34  25  35
 43  93  44  93
 34  52  35  52
 10  60  10  61
 28  14  29  14
 43  84  44  84
 35  11  36  11
 31  47  31  48
  2  88   2  89
 18  79  19  79
  6  23   7  23
 19  94  20  94
 31  87  32  87
 28   5  29   5
 54  75  55  75
 20  21  21  21
 36  69  36  70
 35   0  35   1
 10   0  10   1
 31  39  31  40
  6  92   6  93
  1  37   2  37
  1  54   2  54
 45  20  46  20
 20  75  20  76
  5 103   5 104
 28  41  29  41
 15  48  15  49
 30  15  30  16
 26  35  26  36
 15  25  16  25
 19 101  19 102
 38  34  38  35
 30  46  31  46
 36  66  37  66
 26 101  26 102
  6  82   7  82
 47  76  47  77
 41  52  42  52
 49  61  49  62
 21 100  21 101
 16  26  16  27
  1  55   1  56
 51 105  51 106
 50  85  50  86
 24 108  24 109
 24  74  24  75
 15  30  16  30
 12  96  13  96
 33  99  33 100
 54  83  55  83
 50 104  50 105
 39   6  39   7
 19  36  19  37
 28  28  28  29
 28  80  29  80
 53  52  54  52
  9  41   9  42
 26  46  26  47
  3  10   3  11
 11  97  11  98
 40  28  40  29
 46  34  46  35
 51 110  51 111
 46   4  47   4
 55  91  55  92
 19   9  20   9
 29  16  30  16
 18  64  18  65
 35  68  35  69
 27  64  28  64
  0  97   0  98
 54  43  54  44
 20  62  20  63
 29   3  29   4
  2  19   3  19
 15  67  15  68
 46  51  47  51
 20  56  21  56
 24   1  25   1
 27  63  28  63
 37  84  38  84
  5  71   5  72
  4  38   5  38
 52  62  53  62
 29   5  30   5
 21  67  21  68
  7  22   7  23
 26  36  26  37
  2  32   2  33
 31 110  32 110
 39  24  40  24
 40  41  40  42
  3  87   4  87
 48  49  49  49
  6  18   7  18
 37  95  38  95
 11   2  11   3
 20   6  21   6
 38  26  39  26
 11  39  11  40
 32   4  32   5
 22 105  23 105
  3   6   4   6
 50  99  50 100
 12   8  13   8
 53  91  53  92
 39 110  39 111
 54  67  54  68
  1  90   2  90
 21  63  21  64
 44  14  45  14
 48  29  49  29
 15  62  16  62
 28  23  29  23
  6   2   7   2
  4  54   4  55
 33 103  33 104
 15  99  16  99
  4   3   5   3
 40  11  40  12
 41 102  42 102
 11  95  12  95
 25  68  25  69
 45  27  46  27
 52  77  53  77
 42  48  43  48
 30  11  31  11
 21   9  21  10
 19  61  19  62
 22  58  22  59
 45  70  46  70
 18  73  18  74
 23  15  24  15
 13  66  14  66
 32 109  33 109
  5  61   5  62
 50  53  51  53
 31  14  31  15
  3  65   4  65
 45  24  46  24
 19  35  20  35
 54  91  54  92
 50  56  50  57
 31  68  32  68
 32  19  33  19
 15 108  16 108
 11   0  11   1
 47 104  48 104
 50  41  50  42
 22  91  22  92
 30 110  31 110
  1 110   2 110
 12  86  13  86
 13  62  14  62
 52  85  52  86
 28 107  29 107
 27  82  28  82
 50  57  51  57
 10 107  10 108
 23  75  24  75
 29  14  30  14
 37  24  37  25
 34  48  34  49
  9   8   9   9
  7  32   7  33
  7   5   8   5
 28  98  29  98
  9  81   9  82
 26  86  26  87
 45  41  45  42
 27  43  28  43
 20   3  21   3
 44  28  45  28
 42 104  43 104
 38  82  38  83
 39   0  39   1
 27   5  28   5
 43  39  44  39
 36  65  36  66
 49  36  49  37
  0  79   0  80
 41   4  42   4
 41  88  41  89
  9  93  10  93
 34  62  35  62
 45  98  45  99
 35 110  35 111
 36  63  37  63
 44  62  45  62
 22  87  22  88
 31  21  32  21
 20  47  20  48
  8  79   8  80
 17  88  18  88
  6  53   7  53
 16  21  17  21
 45  49  46  49
 30   2  30   3
 27  53  27  54
  0  93   1  93
 55  15  55  16
 22  88  23  88
 22  28  23  28
 43  38  44  38
 40  92  41  92
 12  99  12 100
  7  84   8  84
 15  82  16  82
 25  88  25  89
  7  98   7  99
 23  91  23  92
 15  48  16  48
 47  89  48  89
 16  56  17  56
 52  79  53  79
 18  94  18  95
 11  62  11  63
 51  13  52  13
  9  94  10  94
  7  94   7  95
 52  22  53  22
  7  56   8  56
 49  15  49  16
  5  86   6  86
 14  66  14  67
  9  95  10  95
 25  40  25  41
 27  89  27  90
 51  35  52  35
  8  83   8  84
 17  48  18  48
  2 110   2 111
 37   4  38   4
 45  79  46  79
  0  42   0  43
 34  71  34  72
 40  52  41  52
 26  93  26  94
 52   6  52   7
 30  62  30  63
  8  22   9  22
 17  15  17  16
 16  45  16  46
  7  46   7  47
 23  97  23  98
 12  15  12  16
 31  34  32  34
 22   4  23   4
 30  31  30  32
 48   3  48   4
 33 101  34 101
  8  28   9  28
 38  22  39  22
  4  13   4  14
 23  36  24  36
 10  21  11  21
 28  60  29  60
 38  79  39  79
 19  66  20  66
  1  47   1  48
  0  10   1  10
 19  81  20  81
 53  99  53 100
  3 102   3 103
 11  21  12  21
  1  49   1  50
 29  39  29  40
  4  93   5  93
 11  38  11  39
 54  62  54  63
  2   4   3   4
  6  87   7  87
 11  27  11  28
 44  66  45  66
 35  75  35  76
 26  59  27  59
 25  73  26  73
  2  67   2  68
 11  93  11  94
 37  88  38  88
  5  45   6  45
 32  13  33  13
 52  27  53  27
 35  47  35  48
 21  79  21  80
 24  63  24  64
 21  82  22  82
 54 105  54 106
 51  97  52  97
 38  55  38  56
 25  72  26  72
 31  76  31  77
 16  30  17  30
 42  41  43  41
 28  11  28  12
  7  27   7  28
 17  75  17  76
 31  52  32  52
 46  47  47  47
 44  81  44  82
 39  92  39  93
 50  96  50  97
 19  80  19  81
 48   0  49   0
 38  72  38  73
 15   3  16   3
 43  28  43  29
  0 110   0 111
 27   8  28   8
 23  68  24  68
 39  23  39  24
  1  57   2  57
 50  51  50  52
 48  56  48  57
 46  83  47  83
 18  42  19  42
 47  75  47  76
 44  50  44  51
  3  33   3  34
 45  69  46  69
 21  49  21  50
  6  46   6  47
 47  30  47  31
 14  60  14  61
 21   1  21   2
 41  63  42  63
  9  88   9  89
 20  83  21  83
 43   0  44   0
 50  35  50  36
 44  58  44  59
  1   1   2   1
 44  57  45  57
  0  61   0  62
 33  36  34  36
 35  53  36  53
 54  96  54  97
 54  68  55  68
 17  55  17  56
 31  44  32  44
  9  58   9  59
 53  36  53  37
 14  26  14  27
 54  84  55  84
 46 100  46 101
 36   8  36   9
 34  46  34  47
 39  28  40  28
 39  70  40  70
 40 109  40 110
 38  25  38  26
 54   9  54  10
  0  77   1  77
 26  24  27  24
  3  48   3  49
 54  64  55  64
 43 110  44 110
  2  24   2  25
 40  18  41  18
 40   3  41   3
 12   4  12   5
 41  44  41  45
 53   4  54   4
  7  21   7  22
 20   0  20   1
 15  24  15  25
 32  98  33  98
  4  83   4  84
 51   6  51   7
 13  32  13  33
  3 109   3 110
  1  41   2  41
 38  60  39  60
 30  85  30  86
 52   1  52   2
  7  57   8  57
  7  17   8  17
 25  17  25  18
  3  58   3  59
 49  53  50  53
 34   0  34   1
 16  95  16  96
 28  93  28  94
 29  47  29  48
 18 102  19 102
 38  92  39  92
  9  41  10  41
 12  49  13  49
 53  68  53  69
  8  80   9  80
 10  57  10  58
 24  16  24  17
  6  88   6  89
  1 107   2 107
 24  92  24  93
 28   6  28   7
