MAZE 104 52
 99  42 100  42
 75  33  76  33
 14  19  15  19
 55  21  56  21
 78  33  78  34
 31  35  32  35
 43  37  44  37
 41  33  42  33
 13  15  14  15
 14  31  14  32
 84  48  85  48
 15  36  15  37
 84  23  84  24
101  49 101  50
 57  17  57  18
 16  24  16  25
 47  27  47  28
 23   8  24   8
 62  25  63  25
 33   8  34   8
 64  22  65  22
 97  47  97  48
 28   0  28   1
 69  38  70  38
 62  12  62  13
  4  45   5  45
  6   8   6   9
 93  18  93  19
 78  46  79  46
 56  36  57  36
 21  33  22  33
 95  47  95  48
 41  41  42  41
 12  32  13  32
  4  45   4  46
  0  19   1  19
 23  26  23  27
 11  33  12  33
 58  36  58  37
 56  11  56  12
 13  32  14  32
 94  50  94  51
 54  45  54  46
 40  18  41  18
 43  16  44  16
 38   7  39   7
 13  33  14  33
 28  14  28  15
 62  42  63  42
  5  35   6  35
 69   3  69   4
 55  12  56  12
 32  28  33  28
 16  39  17  39
 98  27  98  28
103  15 103  16
 76  39  77  39
 91  40  91  41
  5  10   6  10
 63  13  63  14
 71   0  71   1
 15  14  16  14
 75   5  75   6
 87  17  87  18
 76  35  76  36
 62  36  62  37
 99  48 100  48
 45  34  46  34
 68  12  68  13
 91  51  92  51
 29  45  29  46
 41   6  41   7
 30  29  30  30
 96  46  96  47
 12  50  13  50
 55   8  56   8
 29  41  30  41
 89  42  89  43
 84  19  84  20
 98  12  98  13
 43  43  43  44
 13  49  13  50
 95  14  96  14
 49  40  50  40
 31  16  31  17
 10  29  11  29
 57   6  57   7
 13  31  13  32
 59  35  59  36
 14  14  15  14
 68  44  69  44
 85  31  85  32
  5  25   6  25
 55   5  55   6
 99  39 100  39
  6  38   7  38
 40  32  41  32
 14  15  15  15
 13  49  14  49
 45   9  45  10
 33  40  33  41
 67  25  68  25
 61  18  62  18
 31   4  32   4
 87   6  88   6
 34  24  35  24
100  43 101  43
  1  42   2  42
 34   6  35   6
 53  26  53  27
 46  40  47  40
 72  13  72  14
 93  48  94  48
 25  26  26  26
 48  46  48  47
  7  35   7  36
 67   2  68   2
 90  44  90  45
 20  19  21  19
 90  51  91  51
 17   8  18   8
 76   8  77   8
 56  31  57  31
 98  41  98  42
 89   5  89   6
 97  11  98  11
 39  48  40  48
 30  45  31  45
 77   2  78   2
 59  45  60  45
101  40 101  41
 57  36  57  37
 92  49  93  49
 88  40  88  41
 81  13  81  14
 54  30  55  30
  2  49   2  50
 29   4  30   4
 59   5  59   6
 46  45  47  45
 46  15  47  15
 70   1  70   2
 59  37  60  37
100  42 101  42
 83   3  84   3
  3  48   3  49
  2  16   3  16
 97  34  98  34
  4  32   5  32
 89  10  90  10
 51  16  51  17
 31   3  31   4
 34  20  35  20
 82  24  82  25
 38  47  38  48
 64  13  64  14
 92  36  92  37
 85   5  86   5
 70   7  70   8
 79   2  80   2
 64  25  64  26
 84   1  85   1
 74  27  75  27
 70  48  70  49
 93  20  93  21
 24  35  24  36
 63  16  63  17
 54  19  54  20
 40  49  40  50
 77  24  77  25
 13  24  14  24
 79  47  79  48
 32   7  32   8
 80  40  81  40
 98  31  99  31
102   2 102   3
 55  29  56  29
 57  12  58  12
103  21 103  22
  7  37   8  37
 92  12  92  13
103  28 103  29
 85  20  86  20
 80  15  81  15
 22  23  23  23
100   7 100   8
 30  37  30  38
 32  30  32  31
 65   2  65   3
  2  17   2  18
 12  27  13  27
 28  25  29  25
 83  45  83  46
  8   6   9   6
 44  22  44  23
 55  39  56  39
 42  14  43  14
 23  24  24  24
 70  14  71  14
 72  43  72  44
  5  48   6  48
 94  29  94  30
 53   9  54   9
 61  14  61  15
 72  35  73  35
 27   4  27   5
 55  34  55  35
 73  41  74  41
 35  33  36  33
 66  22  66  23
 73  14  74  14
 26   3  27   3
 20  18  20  19
 89   5  90   5
 26  33  26  34
 25  36  25  37
 29  48  30  48
 20  21  20  22
 78  23  79  23
 28  13  28  14
 62  26  62  27
 80  36  80  37
 72   1  72   2
 15   5  16   5
 74  30  75  30
 89  16  89  17
 64   2  64   3
 14  10  15  10
 78  49  78  50
 81  47  82  47
 92   7  93   7
 76  22  76  23
 74  43  75  43
  8  24   9  24
 95   4  96   4
  8  23   9  23
100  26 100  27
 91  18  91  19
 33   7  33   8
  3  20   3  21
 61  14  62  14
 54  29  55  29
 24  26  25  26
 85  46  85  47
 56  18  57  18
  9  44   9  45
 73  19  74  19
 92  10  93  10
 55  44  55  45
 44  13  44  14
 96  29  96  30
 33  26  33  27
 23  38  24  38
 91  10  91  11
 93  16  94  16
 69  35  70  35
 70   9  71   9
 15  24  15  25
 85   1  85   2
  8  37   9  37
 43  19  44  19
 52   3  53   3
 39  38  40  38
 58  32  58  33
 37  36  37  37
 40  47  41  47
 16  10  16  11
 77  51  78  51
  0   7   0   8
101  26 102  26
 79  50  79  51
 78  44  79  44
 88   7  88   8
 78  36  79  36
  9  23  10  23
 63   3  64   3
 47  38  47  39
 35  39  35  40
 61  25  62  25
 80  37  81  37
 46  44  47  44
 22  28  23  28
 99  28  99  29
 49   6  49   7
 70  38  70  39
 94  14  95  14
 48  16  49  16
 97  40  97  41
101  42 102  42
  2  14   2  15
 88   3  88   4
  2  21   3  21
 97   5  98   5
 46  44  46  45
 91  16  91  17
 24  23  25  23
 93  20  94  20
 56  32  56  33
 81   6  82   6
 67  22  67  23
 86  22  87  22
 68  26  68  27
 19  26  20  26
 41   7  41   8
 53  11  53  12
 80   4  81   4
 90  27  91  27
 81  35  82  35
 77   5  78   5
100  25 101  25
 62  15  62  16
 48  45  48  46
 77  45  78  45
 38  17  38  18
 78  10  78  11
100  48 100  49
  6  11   6  12
 15  25  16  25
 88  23  89  23
 92  19  93  19
 85   9  85  10
 18  28  18  29
 39   5  39   6
 61   2  62   2
 79  41  80  41
 94  43  95  43
 88  16  88  17
 89  24  89  25
 99   5  99   6
 64  28  64  29
 79   1  80   1
 81  46  81  47
 27   4  28   4
 11   4  12   4
 84  37  84  38
 80  24  81  24
 45  21  46  21
 26  14  27  14
 62  47  63  47
 28  10  29  10
 85   1  86   1
 53  31  53  32
 38  31  38  32
 86  29  87  29
 31   0  32   0
 46  43  46  44
 76   6  77   6
 41  47  42  47
 79  32  80  32
 41  13  42  13
 29  37  29  38
 63  21  63  22
 19  36  19  37
  4  10   4  11
 62  11  63  11
 57  15  58  15
 52  14  52  15
 37  30  37  31
 71  32  72  32
 79  38  80  38
 82  31  82  32
 83  13  83  14
 40  23  40  24
 28  24  29  24
  4  34   4  35
 58  25  59  25
 76  30  77  30
 96  39  96  40
 27  14  28  14
 45  26  45  27
 87  25  87  26
  1  39   2  39
 54  15  55  15
 77   9  77  10
 56  21  56  22
 13   8  13   9
 56  33  56  34
 32  33  32  34
 74  34  74  35
 39  46  39  47
 68  38  69  38
 39  11  40  11
 97  13  97  14
 36   1  37   1
  2  12   3  12
 56   2  57   2
 65   0  65   1
 29  42  29  43
 14   8  15   8
 44   5  44   6
 63  42  63  43
  5  14   6  14
 20  20  21  20
 96   7  96   8
 59  19  59  20
 33  18  34  18
 17  11  18  11
 28  36  28  37
 60  37  60  38
 36  15  36  16
 40  50  40  51
  8   9   8  10
 70  45  70  46
 36  17  37  17
 48  21  49  21
 82  21  82  22
 19  40  20  40
 70  46  71  46
 50  21  50  22
 44  10  45  10
 35  34  35  35
 98  12  99  12
101   7 102   7
  6  12   6  13
 22  12  22  13
 64  43  64  44
 71   7  71   8
 16  27  16  28
 92  14  92  15
 48  12  48  13
 75   6  75   7
  0  28   1  28
 54  34  54  35
 19  39  19  40
 39   0  40   0
 63  46  64  46
 45  16  45  17
 47   8  48   8
 58  32  59  32
 90  23  90  24
101  25 102  25
 28  40  28  41
 28  32  28  33
 58  11  58  12
 72  45  73  45
 53  40  54  40
 80  34  80  35
 77  30  78  30
 32  34  33  34
  5   7   6   7
 47  30  47  31
  2  19   2  20
  9  24  10  24
 12  34  13  34
 88  12  89  12
 52   9  53   9
 11  48  11  49
 95  29  95  30
 25   5  26   5
 64  20  65  20
 62   0  63   0
 13  35  14  35
 96   6  96   7
 45  22  46  22
 32  50  32  51
  7  27   7  28
 55  19  56  19
 37  18  37  19
 48  12  49  12
  4  47   4  48
 86  35  87  35
 71  23  71  24
 13  50  14  50
 21  17  21  18
 73  12  74  12
 83  18  83  19
101  10 101  11
 80   7  80   8
 38  18  38  19
 90  17  91  17
102  23 103  23
 35  19  36  19
101  22 101  23
 22  38  23  38
 54   4  54   5
 66  11  67  11
 66  45  67  45
 64  32  64  33
 32  22  33  22
 97  46  97  47
 55   1  55   2
 74  26  75  26
102  42 102  43
 60  46  61  46
 68  25  69  25
 14  30  14  31
 62   8  62   9
 24  30  25  30
 96  25  97  25
 12  28  13  28
 43  15  43  16
 73   6  74   6
 98   2  99   2
 23  23  23  24
 51   7  52   7
 94   5  94   6
 53  27  53  28
 16   9  17   9
 84  36  85  36
  2  25   3  25
101  22 102  22
 53   8  53   9
 32  49  32  50
 54   0  54   1
 52  28  53  28
 11  48  12  48
 24  30  24  31
 35  41  35  42
 60  25  61  25
  8  40   9  40
 65  13  66  13
  3  13   3  14
 17  37  18  37
 43  44  43  45
 82  45  83  45
 21  30  21  31
 94  18  95  18
 29  17  30  17
 29  48  29  49
 70   7  71   7
 88  15  88  16
 68  11  69  11
 41  33  41  34
 53  28  54  28
 94  33  95  33
 48  49  49  49
 36  21  36  22
 76  39  76  40
 21  31  21  32
 84  26  84  27
  4  33   5  33
 91  25  91  26
 14  11  15  11
  0  37   0  38
 15  16  16  16
 70  44  70  45
 22   8  22   9
 68  14  69  14
 63   0  64   0
 39  31  40  31
 68  12  69  12
 36  11  36  12
 87   5  87   6
 62  37  62  38
 86  16  87  16
 73  32  74  32
 76  42  76  43
 58  16  58  17
 90  15  91  15
 97  37  98  37
 67   1  67   2
 17  14  17  15
 40  44  41  44
 78  42  79  42
 71  19  72  19
 82  34  82  35
 98  21  98  22
  2  27   3  27
 74  43  74  44
 10   3  10   4
 51  36  52  36
 25   7  25   8
 70   4  70   5
 60  45  61  45
 20  32  21  32
 79  27  79  28
 53  49  54  49
 12   4  13   4
 33  46  33  47
 67  37  67  38
 79  38  79  39
 85  47  86  47
 79  21  79  22
 78   1  79   1
102  30 103  30
 39   5  40   5
 62  19  62  20
 63  13  64  13
 33  29  33  30
 89  20  90  20
 81  43  81  44
 85  18  86  18
 90  46  91  46
 69   9  70   9
 35  13  35  14
 43  30  43  31
 93   7  94   7
 47  16  48  16
 50  50  50  51
 72  14  72  15
  9  36   9  37
 61  44  61  45
 68  23  69  23
 17  28  18  28
 44  38  44  39
 94  26  95  26
 83   4  84   4
 25   7  26   7
 62  45  63  45
 35  22  35  23
 81  39  82  39
 22  36  23  36
100  29 101  29
 40   5  40   6
 20  40  21  40
 24  34  25  34
 73  19  73  20
 18  37  18  38
 39  47  40  47
 96   1  96   2
 40  43  40  44
 87  34  88  34
 79  33  80  33
 41  34  42  34
 76  24  76  25
 12  46  13  46
 26  29  27  29
 13   1  14   1
 13  39  14  39
 67  20  67  21
 97  22  97  23
 37  20  38  20
 87  44  88  44
 72  18  73  18
 36  44  36  45
 90  23  91  23
 29  25  30  25
 80  24  80  25
 40   6  40   7
 90  39  91  39
 53  37  54  37
  7  39   8  39
  3   4   4   4
 85   2  85   3
 11  39  11  40
  8   6   8   7
101  12 102  12
 79  17  80  17
 69  15  69  16
  2   4   2   5
 24   2  25   2
 75  44  75  45
 67  50  67  51
 44  42  45  42
 20  29  20  30
 13  20  14  20
 86  17  87  17
 68  34  68  35
 20   4  21   4
 38  13  38  14
 40  15  41  15
 93  11  93  12
 94   8  94   9
 35  49  35  50
 43  27  44  27
 77  20  77  21
 87  12  88  12
 74  38  74  39
 64   2  65   2
 80  40  80  41
 97  13  98  13
 45  39  45  40
 42  35  43  35
 85  29  85  30
 55  18  55  19
 30  31  31  31
 31  23  31  24
 13  23  14  23
 40  20  41  20
 15  35  15  36
 54  11  55  11
 44   2  44   3
  0  15   1  15
 28  15  28  16
 83  48  84  48
 90   6  90   7
  9   5  10   5
102   0 102   1
 91  25  92  25
 32   5  33   5
 83  33  84  33
 87  26  88  26
 82  47  83  47
 83  34  83  35
 37   2  37   3
 91  13  91  14
103  47 103  48
 58  24  58  25
 30  10  30  11
 55  10  56  10
 54   4  55   4
 86   7  87   7
 83   5  84   5
 76  34  76  35
 48   8  49   8
 37  17  37  18
 16  47  17  47
 59   9  60   9
 92  17  93  17
 66  48  67  48
 21  48  21  49
 17  10  18  10
  3  25   4  25
 31  24  32  24
 52  10  52  11
 15  35  16  35
 65  24  65  25
102  14 102  15
 43   3  43   4
  6  34   6  35
 51  15  51  16
 11  44  12  44
 33  36  33  37
 38  37  38  38
 44  33  44  34
 79  40  80  40
 74  20  74  21
 71   6  71   7
 95  43  95  44
 46  18  46  19
 71   3  71   4
 68   1  69   1
 91  12  91  13
 47  34  47  35
 65   6  65   7
 94  37  94  38
 93  30  93  31
 65  17  65  18
 53   1  54   1
 75  19  75  20
 99  31 100  31
 98  46  98  47
 25  14  25  15
 33  14  34  14
 39  21  39  22
 78  12  79  12
 16  16  17  16
 42  35  42  36
 31  30  32  30
 60  13  61  13
 41  51  42  51
 62  15  63  15
 83  23  83  24
 33   2  33   3
 47  34  48  34
 17  23  18  23
 79   5  79   6
 73  26  73  27
 71  13  72  13
  6  50   6  51
 41  29  41  30
 40  28  41  28
  1   5   1   6
 96  28  96  29
 16   1  16   2
 64  46  65  46
 36  21  37  21
 47  24  47  25
 52   8  53   8
 43  23  44  23
 39  29  39  30
 65   3  65   4
  6  32   6  33
  2  43   2  44
 70  26  71  26
 12  35  12  36
 23  22  24  22
 59  27  60  27
  9  40   9  41
 63  12  64  12
 94  27  95  27
 17  50  18  50
 86  22  86  23
 96   0  96   1
 59  14  59  15
 39  48  39  49
 36  50  37  50
 88  44  88  45
101  28 102  28
 59  18  60  18
  9  38   9  39
 96  10  97  10
 29  23  30  23
 66   2  67   2
 91  30  92  30
 80   8  80   9
 30  48  31  48
  3  32   3  33
 84  24  84  25
 26  19  26  20
102  45 103  45
 75  49  76  49
 30  31  30  32
 53  16  54  16
 67  40  68  40
102  26 103  26
 14  49  15  49
 94  46  95  46
 74  37  75  37
 80   5  80   6
 62  24  63  24
 43  15  44  15
 91  30  91  31
 97   8  97   9
 95  30  96  30
  0  22   1  22
 82  20  83  20
 99  28 100  28
 61   7  62   7
 34  39  35  39
 37   7  38   7
  6  23   7  23
 32   2  33   2
 95  39  95  40
 28  35  29  35
 60  48  61  48
 99   5 100   5
 33   9  33  10
 93  39  93  40
 84   9  85   9
 26  38  27  38
 93  26  93  27
 28  34  28  35
 58  26  59  26
 36  46  37  46
 36  40  36  41
 91  44  92  44
 52  45  52  46
 49  20  50  20
 94  20  95  20
 68   7  68   8
 82  15  82  16
 71  49  72  49
 77  39  77  40
 54  10  55  10
  8  47   8  48
 99  34  99  35
 27  45  28  45
 98   8  99   8
 63  25  64  25
 43  38  43  39
 20  10  21  10
 63  33  64  33
 87  11  88  11
 79  48  79  49
 81  45  81  46
 13  21  14  21
 76  16  77  16
 25  41  26  41
 13  36  14  36
 91  29  92  29
 67  10  68  10
 44  28  45  28
 46  32  47  32
 82  21  83  21
 25   3  26   3
 46  22  47  22
 38   9  38  10
 79  33  79  34
 22   6  23   6
  8  47   9  47
 60  41  60  42
 16  20  16  21
 68  43  68  44
 81  13  82  13
 47  39  48  39
 19  23  20  23
 42  37  43  37
 65  15  65  16
 33  15  33  16
 66  14  67  14
 31  29  32  29
 33  38  34  38
 35  43  36  43
 66   8  66   9
 22  44  22  45
  0  48   1  48
101  24 101  25
 87  36  87  37
 93  25  93  26
 27  18  27  19
 29  17  29  18
 51  37  52  37
 13   4  13   5
100  33 100  34
 70   5  70   6
101  16 101  17
 35  38  35  39
 59  11  60  11
 33  43  33  44
 50  22  50  23
 20   7  21   7
  3  40   4  40
 93  12  93  13
101  11 101  12
101  39 101  40
 87  42  87  43
 68  42  68  43
101  13 101  14
100  12 100  13
 83  36  84  36
 69  21  70  21
 60  26  60  27
 96  18  96  19
 62   3  63   3
 57  15  57  16
 55  42  56  42
 92  47  92  48
 98   3  98   4
 41   4  41   5
 71  24  71  25
 34   7  34   8
 11  11  12  11
 10   4  11   4
 15  38  15  39
 60  39  60  40
 19  10  20  10
 70   2  70   3
 36  23  36  24
 36  18  36  19
 78  23  78  24
 16  36  17  36
102   7 103   7
100  38 101  38
  4  44   5  44
 74  46  75  46
 48  33  48  34
  2  36   3  36
 20  34  21  34
 64   5  65   5
 55  21  55  22
 30  30  30  31
 83  31  84  31
 50  21  51  21
 15  33  15  34
 79  30  79  31
 54  20  55  20
  5  28   6  28
 60  33  60  34
101   1 101   2
  6  47   6  48
 94  41  95  41
 59  15  59  16
 14  33  15  33
 44  29  45  29
 87  48  88  48
 19  24  19  25
  1  14   2  14
 69  31  69  32
 82  14  83  14
100  39 101  39
 29   5  29   6
 70  31  71  31
 52  27  53  27
 63  48  64  48
 65  48  65  49
  2  38   2  39
 67   0  68   0
 39  41  40  41
 41  22  41  23
 98  38  98  39
 55   3  56   3
102   2 103   2
 56  27  56  28
 89  47  89  48
 85  15  85  16
 23   6  24   6
 59   2  60   2
 16  37  16  38
 31  26  32  26
 66  19  67  19
  4  34   5  34
 85  13  85  14
 79  45  79  46
 46  48  46  49
 50  39  51  39
 33  45  34  45
  5  26   5  27
 68  32  68  33
 97  27  98  27
 68  24  69  24
 74   8  75   8
 62   4  62   5
 15  43  16  43
  6  13   7  13
  9  16   9  17
 60  38  60  39
 50  42  51  42
 12  21  13  21
  3  26   4  26
 76   5  76   6
 80  17  80  18
100   9 100  10
 87  47  87  48
 44  28  44  29
 42   6  42   7
103  40 103  41
  9  11   9  12
  6  33   7  33
 98  25  99  25
 96  34  96  35
 82  18  83  18
 73  32  73  33
 14   6  14   7
 76  26  76  27
 92  50  93  50
 18  11  19  11
 76  15  77  15
 93  36  94  36
  4  10   5  10
 71  29  71  30
 24  28  25  28
 56  42  57  42
 34  13  35  13
 35   2  36   2
 60  19  60  20
 64  35  65  35
 29   6  30   6
 91  29  91  30
 96  13  96  14
 29  29  30  29
 89  22  89  23
 50   3  50   4
 50  29  51  29
 41  27  42  27
101  43 101  44
 33  47  33  48
 53   0  54   0
101  12 101  13
 76  26  77  26
 48  45  49  45
 11  32  12  32
 28   7  29   7
 98  32  98  33
  5  46   5  47
 90  47  91  47
 17  50  17  51
  8   8   9   8
 93  17  94  17
 20  27  21  27
 75  46  75  47
  2  18   2  19
 80  27  81  27
  1  35   1  36
 11  47  12  47
 74  45  74  46
 76  22  77  22
 73   7  73   8
 87  28  87  29
 97  27  97  28
  1  10   1  11
 78  38  79  38
 47  42  48  42
 57  33  57  34
 73  18  74  18
 92  10  92  11
 91  39  91  40
 50  38  51  38
 40  25  40  26
 14  38  15  38
 49  23  49  24
 15  42  15  43
 81  15  82  15
 80  43  80  44
 52  46  53  46
 61  12  62  12
  9   9  10   9
  6  10   6  11
 63  28  64  28
 20   4  20   5
 69  13  69  14
 99  33 100  33
 96  26  96  27
 27  26  28  26
 28  12  29  12
 55   1  56   1
 85  22  86  22
 31  34  32  34
 23  31  24  31
 73  15  74  15
 71  33  72  33
 96  19  97  19
 77  14  78  14
  2  24   2  25
 57  35  57  36
 46  17  46  18
 69  34  69  35
 31  39  32  39
 86  23  86  24
 48  24  48  25
 50  48  51  48
 16  26  16  27
 51  12  51  13
 34  18  34  19
 41  35  42  35
 32  15  32  16
103  45 103  46
  2  33   3  33
 59  13  60  13
 66  30  67  30
 61  23  61  24
  2  30   2  31
 25  23  26  23
 49   6  50   6
  5   4   5   5
 66   3  66   4
  1  21   2  21
 29  35  30  35
 88  20  88  21
 55   7  56   7
 87  11  87  12
 93  33  93  34
 41  36  42  36
 56   1  56   2
103  33 103  34
 26  49  26  50
 47  50  47  51
  7  48   7  49
 71  31  71  32
 16  43  17  43
  9  10   9  11
 32  13  33  13
 60  43  60  44
  1  51   2  51
 15  37  16  37
 48  15  49  15
 78  46  78  47
 45  45  45  46
 40   1  40   2
 64   6  65   6
 99   8  99   9
 71   2  72   2
 43  29  44  29
 50  12  51  12
 23  17  24  17
 84  43  84  44
 89  28  90  28
 10  36  10  37
 13   3  14   3
  2  31   2  32
  9  27   9  28
 76   3  77   3
 16  31  17  31
 71  49  71  50
 24  32  25  32
 51  22  52  22
 60  35  60  36
 29  41  29  42
 80  48  80  49
 65   5  65   6
 50  23  50  24
 57  22  57  23
 39  38  39  39
 76  32  77  32
 67  38  68  38
 56  47  57  47
 38  43  39  43
 47   6  47   7
 54  19  55  19
 45   7  46   7
 80  29  81  29
 25  43  25  44
 85  24  86  24
 84   4  85   4
 92  31  92  32
 28  41  29  41
 38  33  38  34
  8  28   8  29
 74  48  75  48
 15  26  15  27
 65  21  66  21
 38  16  38  17
 61  41  61  42
 45  38  45  39
 52  11  53  11
 82   1  83   1
 62   9  62  10
 33  50  34  50
 36   6  37   6
 34  50  34  51
 24  17  25  17
 60  32  60  33
 12   7  12   8
 65  43  66  43
 75  35  76  35
 67  41  67  42
 50  44  50  45
 55  45  56  45
 99   4  99   5
 21  43  21  44
 70  17  70  18
 69  38  69  39
 33  14  33  15
 35  28  36  28
 41  43  42  43
 76  37  76  38
100  32 100  33
 92   1  92   2
 54  21  54  22
 86  40  86  41
 94  10  95  10
 78  11  79  11
 81   7  81   8
 21  21  21  22
  5  18   5  19
 98  10  99  10
 14   4  14   5
 44  46  45  46
 61  12  61  13
  8  18   9  18
 90  28  91  28
 77  29  77  30
 92  14  93  14
  9  35   9  36
 40  49  41  49
 23  11  24  11
 93  44  93  45
  1  30   1  31
 73  12  73  13
  8  34   9  34
 72   2  73   2
 98  33  98  34
 11  37  11  38
 29  13  30  13
 18   4  19   4
 16   6  16   7
 42   8  42   9
 36  44  37  44
 66  15  66  16
 34   2  34   3
 20  29  21  29
  6  49   6  50
 79  32  79  33
 22  43  22  44
 55  36  55  37
 75  32  76  32
  2  41   2  42
 71  12  71  13
 30  15  30  16
 10   6  11   6
 42   2  42   3
 79  20  79  21
 11  30  11  31
 60  11  61  11
 11   7  11   8
 93   2  94   2
 85  40  85  41
 77  12  78  12
 66  28  67  28
 74  47  74  48
 86  43  86  44
 36   7  36   8
 20  12  20  13
 36  12  37  12
 44  33  45  33
 22  31  23  31
  9   8  10   8
  2  35   2  36
 44  41  45  41
 52  40  52  41
 54   6  54   7
 73  24  73  25
 22   8  23   8
 89  41  90  41
 27  19  27  20
 75  37  76  37
 94  47  94  48
 50  31  51  31
 25  15  26  15
  3  31   4  31
 50  19  51  19
  6   6   6   7
 23  21  23  22
 26  39  26  40
 63  10  63  11
 20  40  20  41
 32  39  32  40
 18  11  18  12
 73  48  74  48
 49   7  49   8
 42  48  43  48
 75  40  76  40
 44  39  44  40
 10   7  10   8
100  10 100  11
 89  17  89  18
 64  41  65  41
  7  44   7  45
 93  26  94  26
 22  19  23  19
 64  47  64  48
 17  34  17  35
 46   8  47   8
103  14 103  15
 17  24  17  25
100   2 100   3
  3  17   4  17
  7  22   7  23
  5  29   5  30
 41  37  41  38
 73  34  73  35
 65  37  65  38
 75  19  76  19
 92  38  92  39
 85  45  85  46
 51  10  52  10
 71  22  72  22
 30  42  31  42
 27  38  27  39
 55  10  55  11
 88  18  89  18
  6  29   6  30
 53   2  53   3
100   7 101   7
 60  34  60  35
 85  27  86  27
 52  50  52  51
 23  20  24  20
 68  45  68  46
 41  21  41  22
 41  45  41  46
 67  35  67  36
 66  16  66  17
  7   6   7   7
 44   3  45   3
 25  24  26  24
 69   8  70   8
 53  32  54  32
 91   0  91   1
 56  41  57  41
 93  35  94  35
 55   2  55   3
 76  18  76  19
 12  50  12  51
 76   0  76   1
 94  45  94  46
 16  45  17  45
 54  49  54  50
 45  48  45  49
 38  39  39  39
 54  42  55  42
 31   6  32   6
100  23 101  23
  1  45   2  45
  1  44   1  45
 60  16  61  16
 61  26  61  27
 73  50  74  50
 16   3  17   3
  7  24   7  25
 48  28  49  28
 44  40  45  40
 62  14  62  15
 67  19  68  19
 54   9  54  10
102  50 102  51
 42  31  42  32
 95  44  96  44
 28  43  29  43
 69  42  69  43
 54   2  54   3
 20  31  21  31
 48  31  48  32
 47  22  47  23
 83   1  84   1
 30   8  31   8
 28   4  29   4
 74  12  74  13
 58  27  59  27
 30   4  30   5
 33  21  33  22
 83  19  84  19
 61  27  62  27
 14   2  15   2
 91  35  92  35
 27   7  27   8
 13  38  14  38
 67  41  68  41
 14  19  14  20
 33  22  33  23
  7  50   7  51
  8  12   8  13
 92  46  93  46
103  39 103  40
  2  23   2  24
 84  14  84  15
 69  48  70  48
 76  29  76  30
 21   0  21   1
 52  37  53  37
 55  51  56  51
  9  39  10  39
 87  44  87  45
 61  42  61  43
100  15 101  15
 21  27  21  28
 63  43  64  43
 52  43  53  43
  4  37   4  38
 52  12  53  12
 11  34  11  35
 70  31  70  32
 50  15  51  15
 39  19  39  20
  0  38   0  39
 23  12  23  13
 96  12  97  12
 20  43  20  44
 53  35  54  35
 21  34  22  34
 33  20  33  21
 79  16  80  16
 97  38  98  38
 75  50  76  50
  8  50   9  50
 28  39  29  39
 81  38  81  39
 42  19  42  20
 18  30  18  31
102  35 103  35
 70  22  71  22
  1  33   2  33
 18   7  18   8
 24  48  25  48
 10  43  10  44
 42  21  43  21
  0  41   1  41
 22  29  22  30
 19  37  20  37
 16  23  16  24
 22  11  23  11
 12  31  12  32
 77  10  78  10
 72  22  73  22
 36   1  36   2
 43   4  43   5
 30   0  31   0
 25   8  25   9
 36  37  36  38
 31  20  32  20
  8   9   9   9
103  37 103  38
 24   1  25   1
 93   4  93   5
 26  25  27  25
  4  26   5  26
 44  24  44  25
 13  44  13  45
 73  47  74  47
 59  18  59  19
 64  49  65  49
 68  34  69  34
 95   6  96   6
 89  37  90  37
 87  41  88  41
 97   4  97   5
 14   7  15   7
 37  10  37  11
 21  43  22  43
 80  13  81  13
 64  34  64  35
 32  35  33  35
 47  27  48  27
 76  49  77  49
 14  29  15  29
 71  17  71  18
  1  26   1  27
 56  31  56  32
 65  50  66  50
  4  24   5  24
 61   9  62   9
 80   3  81   3
 64   6  64   7
 73   3  73   4
 15  40  15  41
 86  13  87  13
 93  45  94  45
 10  12  11  12
  1   9   1  10
 46   5  47   5
 94  40  94  41
 85  41  85  42
 24  38  24  39
 26   1  26   2
 46  19  47  19
 23   0  24   0
 73  43  73  44
 60  12  60  13
 98  13  98  14
  6   3   7   3
 94  12  95  12
 92  48  93  48
 13  11  14  11
 32   9  32  10
 40  20  40  21
 51  26  51  27
 12  39  13  39
 49  38  50  38
 38   8  38   9
 93  47  93  48
 78  18  79  18
 45   6  46   6
 52  48  53  48
 82  27  82  28
 18  44  19  44
  6  41   6  42
 36  15  37  15
 86  10  87  10
 80  51  81  51
 75  21  76  21
  7   8   8   8
 15  20  16  20
 24  33  24  34
  7  25   8  25
 17  13  18  13
 44  26  44  27
 95  21  95  22
  6  15   6  16
 66   1  66   2
 62  33  63  33
 92  44  92  45
 57   6  58   6
 64   8  65   8
 32  46  32  47
 89  31  90  31
 40  48  41  48
  2   6   2   7
 33  49  34  49
 54  38  55  38
 47  43  47  44
 35  37  36  37
100  19 101  19
 75   9  75  10
 66  21  66  22
 20  43  21  43
 11  23  11  24
 67  18  68  18
 70  47  70  48
 18   0  19   0
  7   7   7   8
 64  49  64  50
 60  17  61  17
 73  38  74  38
 88  39  89  39
 55  48  55  49
 91  45  92  45
  4  12   4  13
 35  31  36  31
102  12 103  12
 57   3  57   4
102  41 102  42
  8  10   9  10
 64   4  65   4
 82  45  82  46
 11  22  12  22
  6  30   6  31
 22  14  23  14
 93  22  94  22
 52  27  52  28
 21  22  22  22
 83  16  83  17
 27   6  27   7
  6   6   7   6
 98  48  99  48
 40  36  41  36
 31  49  31  50
 11  35  11  36
 44  44  45  44
  7  31   8  31
 88  27  88  28
 12   8  13   8
 70   6  70   7
 68   5  68   6
 24  45  25  45
 85  49  86  49
  6  47   7  47
  2  43   3  43
  7  34   7  35
 95  22  95  23
 19  12  19  13
 55  16  55  17
 32  12  32  13
 50  11  51  11
 15  46  16  46
 88  41  88  42
 76  47  76  48
 34  15  34  16
 99  48  99  49
  4  19   5  19
 43   6  44   6
 51  40  52  40
  4  35   5  35
 94  21  94  22
 74  23  75  23
 76  43  77  43
100  16 100  17
 43  35  44  35
 27  42  28  42
 38  37  39  37
 36  13  36  14
 64  12  65  12
 33   5  34   5
 58  43  59  43
 55  18  56  18
 52  41  52  42
 20  44  21  44
 42  42  43  42
 92  39  93  39
 75  26  76  26
100  46 101  46
 18   5  18   6
 95  17  95  18
 17  36  18  36
 37  41  37  42
 80  23  80  24
 64  24  64  25
 34   9  35   9
 81  49  81  50
 49  14  50  14
 82  23  82  24
 94  24  94  25
100  45 101  45
 86  39  86  40
 67   4  68   4
 78   6  79   6
 42   9  42  10
 99  16 100  16
 12  35  13  35
 89  33  90  33
 83  15  83  16
 61  19  62  19
 67  29  68  29
 13  12  14  12
 27   1  27   2
 42  26  42  27
101   5 101   6
 38  27  38  28
 35  36  36  36
 63  17  64  17
 40  27  41  27
 27   9  27  10
 27   2  28   2
 85  32  86  32
 51  39  51  40
 64  30  64  31
 38  27  39  27
 80  20  80  21
 44   7  45   7
 56  29  57  29
 90  33  90  34
 22  48  23  48
 58  44  58  45
 28  45  29  45
 37   5  38   5
 77  43  77  44
 19  22  20  22
 58   9  58  10
 21  39  21  40
 98  24  99  24
 74  36  74  37
 42  22  43  22
 17   1  17   2
 85   4  85   5
 19  29  19  30
 23  16  24  16
100   0 101   0
 11   1  12   1
 57  37  57  38
 64  14  64  15
 27  34  27  35
 38  44  38  45
 40  34  40  35
 79  44  79  45
  1  41   2  41
  6  20   6  21
 75  45  76  45
100   8 100   9
 19   9  20   9
 99   1  99   2
 55  40  56  40
 90  19  91  19
 31   7  32   7
 14   6  15   6
 11  44  11  45
 91  37  91  38
 40  14  40  15
 92  41  93  41
 88  17  89  17
 29   1  30   1
 99  19  99  20
 10   5  11   5
 54  47  54  48
 52  44  53  44
 51   3  52   3
 65   8  66   8
 60   8  60   9
 27  26  27  27
 81  49  82  49
 52   4  53   4
  5  43   6  43
 65  30  66  30
 89   7  90   7
 66  10  66  11
 12  28  12  29
 72  31  73  31
 97  23  98  23
 50  14  51  14
101  19 101  20
 40   9  41   9
 22  39  23  39
 22  51  23  51
 23  15  23  16
 30  34  30  35
 80  18  81  18
 72  30  73  30
 29  30  29  31
 48  31  49  31
 45  30  46  30
 58   7  59   7
 85   7  86   7
 56  14  56  15
 26  21  27  21
 67  17  67  18
 26  41  26  42
 31  44  32  44
 72  16  73  16
  0  32   0  33
 88  42  89  42
 87  18  87  19
 67   4  67   5
 80  16  80  17
 51  21  51  22
 39  12  39  13
 63   4  63   5
 94  10  94  11
 91  23  92  23
 97   0  97   1
 87  32  88  32
 94   0  95   0
 44  12  45  12
 14  29  14  30
 10  46  10  47
 61  29  62  29
 60  23  61  23
 59   8  59   9
 43  48  43  49
 86  30  86  31
 90  48  90  49
 52   8  52   9
 14  42  15  42
 97  16  98  16
 88  46  89  46
 65  44  66  44
 42  34  43  34
 26  29  26  30
 39   8  39   9
 15   2  15   3
 80   0  80   1
 62  29  62  30
 56  45  56  46
 75  13  75  14
 99  43  99  44
 32  11  32  12
 76   1  77   1
 54  50  54  51
101  30 101  31
 44  44  44  45
 38  17  39  17
  8  25   8  26
 29  38  29  39
 13  42  14  42
 64  10  65  10
 47  31  47  32
 16   9  16  10
 46  11  46  12
 48  38  49  38
 28   2  28   3
 77  19  78  19
 87  34  87  35
 24  34  24  35
 98  20  98  21
 19   0  19   1
 32  41  32  42
 18  48  18  49
 86   0  86   1
  8  51   9  51
  0  42   0  43
 92   5  93   5
 49  45  49  46
 45  16  46  16
 43   1  43   2
 98  45  98  46
 33  12  34  12
  1  31   1  32
 94  23  95  23
 58  38  59  38
 41  31  41  32
 39  46  40  46
 69   1  70   1
 58  33  59  33
 71  25  71  26
 49  32  49  33
 70  23  71  23
 75  28  75  29
  4  39   4  40
 12   3  13   3
 91  11  92  11
 95  16  95  17
 78   7  78   8
  8  39   8  40
 28  18  29  18
 11  29  11  30
 72  17  73  17
 35   4  36   4
  5   3   5   4
 52  25  52  26
 15  12  16  12
 26  12  26  13
 70  14  70  15
 90  35  91  35
 42  11  43  11
 88  39  88  40
102  47 103  47
 82  17  83  17
  1  23   2  23
 80  41  81  41
 11   6  12   6
 19  17  19  18
 63  27  64  27
 15  39  15  40
 24  12  25  12
 67  33  67  34
 99  22  99  23
 35  17  36  17
 57  29  58  29
 99  42  99  43
 83  23  84  23
 78  28  79  28
 34  44  35  44
 34  34  35  34
 25  40  26  40
 91   8  92   8
 25  44  26  44
 96  38  97  38
 83   6  83   7
 69  32  69  33
 22  45  23  45
 16  17  16  18
 90   4  91   4
 55  36  56  36
 51  33  52  33
 99  23 100  23
 61  23  62  23
 32  21  32  22
  8  42   8  43
 68  36  68  37
 15  40  16  40
 30   3  31   3
 18  33  19  33
 52  49  52  50
 46  24  46  25
 75  23  76  23
 91  21  91  22
 12  45  13  45
 46  31  47  31
 23  37  23  38
 49  11  50  11
 64  48  64  49
 17  40  17  41
 39  23  40  23
101  34 102  34
 67  34  67  35
 41  48  41  49
 27  40  28  40
 30  38  30  39
 45  41  46  41
 88  29  88  30
 78   2  78   3
 39  13  39  14
 24  47  25  47
 36   8  36   9
 67  45  68  45
 72  39  72  40
 24  20  25  20
 12  11  12  12
100  49 100  50
 58   0  59   0
101  33 102  33
 65  33  65  34
 93  34  93  35
 38  11  39  11
 47  11  48  11
 59  26  60  26
101  10 102  10
  4  21   4  22
 36  45  37  45
 49  44  49  45
 48   4  48   5
 96  40  96  41
 18  43  19  43
 32  42  32  43
 80  22  81  22
 53  41  53  42
 57  39  58  39
 91  39  92  39
 45  27  46  27
  7  51   8  51
 49  17  49  18
 68  46  69  46
 38  42  38  43
 67  15  67  16
 96   3  96   4
 84   6  84   7
 39  33  39  34
 43  34  43  35
 39  24  39  25
 82  15  83  15
  3   8   4   8
 61  20  61  21
 81  12  82  12
 33  10  33  11
 86   1  86   2
 34   9  34  10
 34  26  35  26
 18  22  19  22
 71  30  71  31
 40   4  41   4
 21  18  22  18
 37  12  37  13
 15  47  15  48
 51  46  52  46
 90   3  91   3
 97   4  98   4
 68  13  69  13
 79  23  79  24
 33   0  34   0
 13  18  14  18
 26   7  26   8
 52  24  52  25
 59  49  60  49
 36  46  36  47
  5  44   6  44
 48  47  48  48
 81  19  82  19
 70  29  70  30
 86  46  87  46
 21  41  21  42
 21  16  21  17
 62  19  63  19
 43  27  43  28
 17  15  17  16
 84  30  85  30
 17  45  18  45
 51  13  51  14
 72  12  72  13
 40  38  40  39
 46   1  46   2
  0  12   0  13
 61  41  62  41
 77  28  77  29
 89  50  89  51
 65  39  66  39
 73   4  74   4
 64  47  65  47
 46  25  47  25
 76  10  76  11
 92  25  92  26
 22  50  23  50
 18  40  19  40
 14  43  14  44
  6   1   6   2
 62   5  63   5
 96  42  96  43
102  34 103  34
101  23 102  23
 41  36  41  37
  2  41   3  41
101  48 102  48
 36   7  37   7
 41  12  41  13
 24   1  24   2
 78  17  78  18
 94   8  95   8
 15   4  15   5
 51  21  52  21
 63   5  64   5
  8  10   8  11
 20   7  20   8
 20  30  20  31
 36  10  37  10
 66  37  67  37
 45  20  45  21
 88  45  88  46
 58  45  58  46
  4   8   4   9
 46  35  47  35
 32  17  32  18
 75  17  76  17
 12  15  13  15
 15  36  16  36
 87  50  88  50
 12  16  13  16
 51  28  51  29
 28  49  29  49
 86   3  87   3
 43  28  43  29
 86  17  86  18
 76  14  77  14
 94  23  94  24
 46  42  47  42
 58  31  58  32
 53  25  54  25
 66  10  67  10
 58  46  59  46
 38  30  38  31
  6  45   6  46
 26  30  27  30
 68   6  68   7
 81  44  81  45
 38  13  39  13
 90  27  90  28
 16  48  16  49
 99   3 100   3
 19  22  19  23
 73  10  73  11
 32  40  32  41
 61   8  61   9
 98  18  98  19
 69  23  69  24
 69  43  69  44
 14  28  15  28
 24  21  25  21
 40  21  40  22
 22  18  22  19
 95  24  95  25
 99  49  99  50
 92  16  93  16
 72  20  72  21
 54   5  54   6
 95  41  96  41
 59  19  60  19
 27  40  27  41
 47   1  47   2
 18  27  19  27
  2  33   2  34
 67  16  67  17
 24  45  24  46
  7   0   7   1
  5  32   6  32
 77  34  77  35
 65  26  65  27
 88  30  89  30
 19  48  19  49
 26   6  27   6
  4   2   4   3
 59  49  59  50
 25  45  25  46
 84  13  85  13
 57  21  58  21
 63  39  63  40
 29  50  30  50
 34  32  34  33
 89   7  89   8
  3   9   3  10
 50  40  50  41
 73  42  74  42
 84  21  84  22
 57  43  58  43
 81  35  81  36
 75  47  76  47
 56  10  57  10
 76   4  76   5
  7  34   8  34
 15  12  15  13
 65  34  65  35
 71   9  72   9
 39   2  39   3
 97  43  98  43
 95  23  96  23
 40  42  40  43
 80  32  80  33
 21  47  22  47
 29  19  30  19
 69  13  70  13
 29   2  29   3
 28  38  29  38
 59  28  59  29
101  47 101  48
 70  36  71  36
 94  15  94  16
 78  19  79  19
 87  36  88  36
 34  37  35  37
 30  47  31  47
 12  30  12  31
 18  25  19  25
 12  18  13  18
 81   3  82   3
 52  23  52  24
 79   6  80   6
  6  42   6  43
 26  43  26  44
 42  39  42  40
 17   4  17   5
 57  47  58  47
 58  48  59  48
 59  12  60  12
 36  14  36  15
 29   2  30   2
  0  47   0  48
 10  20  10  21
 60   3  61   3
 22  10  22  11
 99  37 100  37
 78  48  79  48
 80  22  80  23
100  11 100  12
101  45 102  45
 49   4  50   4
 79   7  79   8
 63  27  63  28
 37  25  38  25
 10  24  10  25
 37  44  38  44
 48  32  49  32
 85  42  85  43
  7  20   8  20
 40  31  41  31
 43  28  44  28
 10  14  11  14
101   8 101   9
 33  32  33  33
 59  16  60  16
 31  48  32  48
 12  48  13  48
 37   8  38   8
 62  29  63  29
 99  10  99  11
 35  26  35  27
 71  18  71  19
 92  17  92  18
 49  24  49  25
 97  35  98  35
 47  42  47  43
 27  31  28  31
 18  23  19  23
 24  31  24  32
 71  50  72  50
  3   2   4   2
 90  10  90  11
 74  41  75  41
  7  29   7  30
 18  33  18  34
  5  13   6  13
 52   6  52   7
 28  29  29  29
 56  35  56  36
 23  27  24  27
 50  28  51  28
 37  14  37  15
 22  11  22  12
 45   1  46   1
100  17 100  18
 19   2  19   3
 30  33  31  33
 27   5  28   5
 93   2  93   3
 66   2  66   3
 29  30  30  30
 71  35  72  35
 35  21  36  21
 33   3  34   3
 29  11  29  12
 70  16  71  16
 25  32  26  32
 77  38  78  38
 21  45  22  45
 69  16  69  17
 15  47  16  47
 29  31  29  32
  3  33   4  33
 79  50  80  50
 34  34  34  35
 10  44  10  45
 92  27  93  27
 73  22  73  23
 59  16  59  17
 21  22  21  23
 59  51  60  51
 61   6  62   6
  3  11   3  12
 51  12  52  12
 37  22  38  22
 97  51  98  51
 29  19  29  20
  1  26   2  26
100  24 100  25
100  37 100  38
 87  27  87  28
  2  39   2  40
  9  50  10  50
 37   3  37   4
  4  47   5  47
  4  15   4  16
 94  42  95  42
 48  13  48  14
 89  31  89  32
  6   5   6   6
102  49 103  49
 15  30  15  31
 61   5  62   5
 72  29  72  30
 88   2  89   2
 43  36  44  36
101  43 102  43
 11  15  12  15
 56  24  56  25
 55  24  55  25
 55  46  55  47
 94   4  94   5
  6  44   6  45
 48  38  48  39
  3  19   3  20
 47   4  47   5
 79  47  80  47
 28  20  28  21
 84  40  85  40
 72  40  72  41
 25   4  25   5
 55  17  55  18
 56  16  57  16
 72  45  72  46
 16  14  16  15
 91  32  91  33
 37   2  38   2
 39  34  40  34
 60  14  60  15
 60  20  61  20
 18  49  19  49
 41  12  42  12
 83  35  84  35
 79  14  80  14
 92   3  93   3
 95  37  95  38
 36  48  36  49
100  18 101  18
 41  20  42  20
 71  44  71  45
 82  33  83  33
  4  13   5  13
 23   1  23   2
 46  23  47  23
 57  14  58  14
 23  43  23  44
 43  45  43  46
 35  16  35  17
 93  21  93  22
 40  22  41  22
  3  24   4  24
 85  37  86  37
 11  25  12  25
 13   9  13  10
 37  42  37  43
 21   3  22   3
 35  38  36  38
 92  40  93  40
 55  49  55  50
 77  40  77  41
 11  41  11  42
 45   0  46   0
 49  35  50  35
 74  28  74  29
 94  36  94  37
 14  20  14  21
100  36 101  36
 98  25  98  26
 84  10  85  10
 91   4  92   4
 83  48  83  49
 68  39  68  40
 34  40  34  41
 81  11  82  11
  8  39   9  39
 24   5  24   6
 70  33  70  34
 67  44  68  44
 95   3  95   4
 86  47  86  48
 34  46  34  47
 70  11  70  12
 37  32  37  33
 87   4  87   5
 60  50  61  50
 30   7  31   7
 74   3  74   4
 91  22  92  22
 34  31  34  32
 86   6  87   6
 28  17  29  17
 19  41  19  42
 12  24  12  25
 64  50  64  51
 64  27  64  28
 28  16  29  16
 10  37  10  38
 74  42  74  43
 49  49  49  50
  2  15   2  16
 94   6  95   6
 48  36  48  37
 93  42  94  42
 54  48  55  48
 82  32  83  32
  8  35   8  36
 61  24  61  25
 19  32  19  33
 52  47  52  48
 12  37  13  37
 29  21  30  21
 29  47  29  48
 14  46  14  47
 18  50  18  51
 65  16  65  17
 30  18  31  18
 92  29  93  29
 28  22  29  22
 56  40  57  40
 22  33  22  34
 96   4  97   4
 26  34  26  35
 25  38  26  38
  6  24   7  24
 45   2  45   3
 58  40  58  41
 16  23  17  23
 15  16  15  17
 10  47  11  47
 85  10  85  11
 76  14  76  15
 86  26  86  27
 14  21  15  21
 99  13 100  13
 71   5  72   5
 23  34  23  35
 67  27  67  28
 57   0  58   0
 28   5  29   5
 71  46  71  47
 86  35  86  36
 97  30  98  30
 29   5  30   5
 63  40  64  40
 52   1  53   1
 82   6  82   7
 87  45  88  45
 29   7  29   8
 37  50  37  51
 29  10  30  10
 71   9  71  10
 78   4  78   5
 73  10  74  10
 28  42  28  43
 85   8  85   9
 98  15  99  15
 82  26  82  27
103  49 103  50
103  11 103  12
  8  33   9  33
 24  48  24  49
 15  21  16  21
 48  28  48  29
 97  16  97  17
 57  43  57  44
 34  27  34  28
  1  28   2  28
 75  14  75  15
 65  23  65  24
  9  12  10  12
 95  38  96  38
 50   5  51   5
 64  42  65  42
  0  46   0  47
 98  30  99  30
 89  45  90  45
 93   6  93   7
 36   9  37   9
  5  36   5  37
 13  41  13  42
 62  38  62  39
 79  42  79  43
 67  42  67  43
 16   3  16   4
 65  50  65  51
 62  18  63  18
 70  45  71  45
 71  21  72  21
 58  14  59  14
 53  18  54  18
 57  49  58  49
 19  42  20  42
  2  46   3  46
 38  24  38  25
 85  25  86  25
 79  35  80  35
 98  39  99  39
 45  17  45  18
 39  40  39  41
 16  11  16  12
 92  20  93  20
 82   2  82   3
 21  15  22  15
 78   0  79   0
 15  34  15  35
 95   2  96   2
 66  18  66  19
 17  25  17  26
  7  15   7  16
 16  50  16  51
 14   1  14   2
 93  24  94  24
 76  46  77  46
 92  30  93  30
 83  26  83  27
  6   0   6   1
 31   1  31   2
 51   2  51   3
 50  33  51  33
 83  36  83  37
  1  32   2  32
 17  20  18  20
 82  43  82  44
 38  40  38  41
 73   0  73   1
 46   4  46   5
  0   6   0   7
 56  41  56  42
 78  31  78  32
 87  23  87  24
  7  25   7  26
  3   6   3   7
 65  45  65  46
 94   9  94  10
 24  49  25  49
 54  32  55  32
 56  14  57  14
 54  43  54  44
 43  23  43  24
 12  12  13  12
 87  26  87  27
  9   1   9   2
 56  49  56  50
 13   5  14   5
 64   9  64  10
 92  45  92  46
 37  25  37  26
  9  17   9  18
 46  13  47  13
 40  21  41  21
 52  26  53  26
 24   5  25   5
 65  42  65  43
  3   2   3   3
 16   8  16   9
  1   2   2   2
 32  10  32  11
 49  48  49  49
 59  40  60  40
101  31 102  31
 74  31  75  31
 18  44  18  45
 66  47  67  47
 47   9  47  10
 27  46  28  46
 37  43  37  44
 79  18  80  18
 76  32  76  33
 84  50  85  50
 83  44  83  45
 21  38  21  39
 91   5  91   6
 26  31  26  32
 41   9  41  10
 75  39  76  39
 95  10  96  10
 47  37  47  38
 26  36  27  36
 91  36  91  37
 11  22  11  23
 94  26  94  27
  7  36   8  36
 20  33  21  33
 49  12  50  12
 70   5  71   5
 97  40  98  40
 59  20  59  21
 49  36  50  36
 27  29  27  30
 18  14  19  14
 48  10  49  10
 25   1  25   2
 29  15  29  16
 15  50  15  51
 68   4  69   4
 59  39  60  39
101  37 102  37
 92  23  92  24
 47  25  48  25
 44  50  45  50
 72  28  72  29
  2  50   2  51
 18  41  18  42
 59  22  60  22
 65  20  66  20
 54  29  54  30
  6  28   6  29
 29  44  29  45
 70  36  70  37
 16   5  17   5
  8  13   8  14
  3  49   4  49
 88  13  88  14
 80  11  81  11
102   7 102   8
 63   8  64   8
 47  19  47  20
 61  43  62  43
 77  35  78  35
 32  45  33  45
 68  18  69  18
 30  43  30  44
 59  14  60  14
 27  32  27  33
 83  26  84  26
 84  26  85  26
101  37 101  38
  9  20  10  20
 84  50  84  51
 42  12  43  12
 86  42  86  43
 84  32  84  33
  1  27   2  27
 54   7  54   8
 55  22  56  22
 41  21  42  21
 22  24  22  25
 35  25  35  26
 28  24  28  25
 94   3  95   3
 99   1 100   1
 60  21  61  21
 36  10  36  11
 91   9  92   9
 21   4  21   5
 45  19  45  20
 87  38  87  39
 43  19  43  20
  2   6   3   6
 16   2  17   2
 81  15  81  16
 87  21  87  22
 69  26  70  26
 34  16  35  16
 91  47  92  47
 20   1  20   2
  0  31   0  32
 90  18  90  19
 70  10  71  10
 80  33  81  33
  8  31   9  31
  8  48   9  48
 72  49  72  50
  5  30   5  31
 80  42  80  43
 86   4  86   5
 97  22  98  22
 65  12  66  12
 84  29  84  30
 40  50  41  50
 30  28  31  28
 35   3  36   3
 70  34  70  35
100   3 101   3
 34  19  35  19
 97   1  97   2
 69   2  69   3
100  30 101  30
 19  48  20  48
 32  45  32  46
 44  34  45  34
  2   1   2   2
 88   1  88   2
 97  41  98  41
 89  38  90  38
 88  46  88  47
 14   4  15   4
 70  27  71  27
 11  13  12  13
 48  39  48  40
 25  21  25  22
 52  16  53  16
 46  49  46  50
 44   0  44   1
 10  17  11  17
 77  10  77  11
100  13 101  13
 63   7  64   7
 34  10  34  11
 28  18  28  19
 49   4  49   5
 46   2  47   2
 38  35  39  35
 47   3  48   3
 99  31  99  32
 63  19  64  19
 11  17  11  18
 60  27  60  28
 50  17  50  18
 83  49  84  49
 57   7  57   8
 17   3  17   4
  9  21  10  21
 51  45  52  45
 75  27  76  27
 96  50  96  51
 63  37  64  37
 50   5  50   6
 74  39  75  39
 15   6  15   7
 84  12  84  13
 61  33  62  33
  4  15   5  15
  7  16   7  17
 44  19  44  20
  4  22   5  22
 88  36  88  37
 41  40  41  41
101  17 101  18
 95  48  95  49
 93  32  93  33
 48  17  48  18
100   4 101   4
 42  15  42  16
 65  15  66  15
 39   3  39   4
  4  36   4  37
 99  14 100  14
 90  43  91  43
 64  11  64  12
 64  30  65  30
 59   3  59   4
 44  17  44  18
102  11 102  12
 26  27  26  28
 61  42  62  42
 41   8  41   9
 12  17  13  17
 97  50  98  50
  8  30   9  30
 86  23  87  23
  0  46   1  46
 71  14  71  15
 33  51  34  51
 35  29  35  30
 71  10  72  10
 54  50  55  50
 13  47  13  48
 96  48  96  49
  8   0   9   0
 45  49  45  50
 70  12  71  12
 65  47  65  48
 58   7  58   8
 73   3  74   3
 26   8  26   9
 26  39  27  39
 84  16  84  17
 74  25  74  26
 83  17  84  17
  8   7   8   8
 73   7  74   7
 61  48  62  48
  4   0   5   0
 75   9  76   9
 34  11  35  11
 41  10  41  11
  3   6   4   6
 25  39  25  40
 46  16  46  17
  4  42   5  42
 15  17  15  18
101   2 101   3
 34  19  34  20
 88  31  88  32
 11   5  12   5
 51  50  51  51
 35  28  35  29
 75  25  75  26
 98  43  98  44
101  32 102  32
 76  37  77  37
  7   4   7   5
 25  18  26  18
 78  50  78  51
 27  47  28  47
 10  14  10  15
 34  11  34  12
 25  14  26  14
 22  49  22  50
 58  31  59  31
  1  49   1  50
 33  26  34  26
 65  27  66  27
 29  10  29  11
 32   6  32   7
 75  22  76  22
 92  33  92  34
 78   9  79   9
  7  49   7  50
 83  39  83  40
 96  36  96  37
  5  20   5  21
 18   3  18   4
 23  26  24  26
 25  29  26  29
 13  16  13  17
 36   0  36   1
  8  35   9  35
 21  40  22  40
 15   7  16   7
 18  42  18  43
 85   3  85   4
 34  30  34  31
 95  35  95  36
 66  35  67  35
 65   1  66   1
 33  37  33  38
 20  25  21  25
 47  17  48  17
 81  30  81  31
 82   9  82  10
 53  31  54  31
 19  47  20  47
 56   4  57   4
 69  11  70  11
 37  15  37  16
 43  32  44  32
100  11 101  11
 89   4  90   4
 42  11  42  12
 24  44  24  45
103   0 103   1
 77   6  77   7
 42   4  43   4
 99  20  99  21
 20  38  20  39
  8  13   9  13
 74   2  75   2
 50  27  50  28
 66  38  66  39
 65  28  66  28
 73   1  73   2
 30  27  30  28
 12  13  13  13
 91   3  91   4
 91  22  91  23
 60   9  61   9
 80  38  81  38
 71  15  71  16
 27  49  27  50
 44  38  45  38
 92   4  93   4
  9  32   9  33
 45  46  45  47
 30  12  30  13
 94  19  94  20
 42  32  43  32
 87  37  88  37
 42   5  43   5
 67  14  67  15
  5  44   5  45
 54  33  55  33
 39  28  39  29
 63  41  64  41
 85  48  85  49
 38   0  39   0
  8  29   9  29
 25  48  26  48
 84  40  84  41
 97  20  98  20
 51   6  51   7
 51   1  51   2
 21   1  22   1
 44  46  44  47
 31  20  31  21
 82  30  82  31
 75   0  75   1
 60  51  61  51
 71  36  71  37
 87  31  87  32
 82   0  83   0
 65  14  65  15
 26  20  26  21
 63   6  63   7
 12  23  13  23
 26  35  26  36
 26  46  26  47
 90  14  90  15
  0  49   0  50
  8   2   8   3
 67  14  68  14
 49  44  50  44
 74   0  74   1
 11  23  12  23
 68   9  69   9
  1  16   2  16
 15  28  16  28
 59   1  59   2
 23  49  24  49
 95  16  96  16
 12   5  12   6
  8  14   8  15
 78  13  79  13
 35  15  35  16
102  29 102  30
 75  16  75  17
 73  30  73  31
 25  45  26  45
 96  15  96  16
 69   6  70   6
102  20 103  20
 51  17  52  17
 44  41  44  42
 71  28  71  29
 50  48  50  49
 16  19  17  19
103  27 103  28
 18   0  18   1
 12  42  12  43
 55  17  56  17
 40  17  40  18
  9  25   9  26
 38  42  39  42
 71  24  72  24
102   8 103   8
 54  13  54  14
 82  42  82  43
  0  25   0  26
 33  33  33  34
  7   7   8   7
 20  14  21  14
 10   6  10   7
 23  13  23  14
 30  36  31  36
 88  43  89  43
 22  42  23  42
 88  37  88  38
 58  18  59  18
 19  30  20  30
 14  27  15  27
 64   1  64   2
 22   5  22   6
 27  13  27  14
 21  37  21  38
 17   3  18   3
 52  18  53  18
 77  40  78  40
 71   6  72   6
  7  26   7  27
 49  15  50  15
 11  20  12  20
 18  47  18  48
 38  25  39  25
 78  10  79  10
 93   3  93   4
 97  25  97  26
 30  40  31  40
 69  27  70  27
  1  11   1  12
 93  27  94  27
 52   6  53   6
 16  44  16  45
 43  22  44  22
 82  25  82  26
 37   4  37   5
 87   0  87   1
 67  21  68  21
 97   7  98   7
 22  27  22  28
 42  26  43  26
 80  30  80  31
 48   2  48   3
 52   1  52   2
 32  37  32  38
 24  24  25  24
 80   9  81   9
 88   9  89   9
 98   1  98   2
 39  36  39  37
 20  31  20  32
 57  40  57  41
 42  41  43  41
 72  50  72  51
 65  29  66  29
 95  35  96  35
 17  42  18  42
 82  49  83  49
 23  47  24  47
 51  38  51  39
 46  43  47  43
 49  21  49  22
 87  18  88  18
 78  34  79  34
 61  40  61  41
 85  24  85  25
 50   1  51   1
 26  24  26  25
 83  21  83  22
 27  45  27  46
 89  16  90  16
100   1 100   2
 23  19  24  19
  0  28   0  29
 50   1  50   2
  8   2   9   2
 38   4  39   4
 27  31  27  32
 48  43  48  44
 35  11  36  11
 55  46  56  46
 27  34  28  34
 69  36  69  37
  7  15   8  15
 49   1  50   1
 19  15  19  16
 16  49  16  50
 94   1  94   2
 88  32  89  32
 25  17  25  18
 90  43  90  44
 32  20  32  21
 35  21  35  22
 52  17  53  17
 21  17  22  17
 94  17  94  18
 83  43  84  43
 50  49  50  50
 51  19  51  20
 89  46  90  46
 90  12  91  12
 75   3  75   4
 73  20  73  21
 54  41  54  42
 10  27  11  27
 98  40  99  40
 44  32  44  33
 39  34  39  35
 50  19  50  20
 27  12  28  12
 37  20  37  21
 77   0  78   0
 95  21  96  21
  8  16   8  17
 86  39  87  39
 45  40  46  40
 90  41  90  42
 73  27  73  28
 83  47  84  47
 35  17  35  18
 73  23  73  24
 43   0  44   0
 83  41  84  41
 62  30  63  30
 83  27  83  28
 10  31  10  32
 27  27  28  27
 55   3  55   4
 16  29  17  29
 67  30  68  30
 73   4  73   5
 79  20  80  20
 23  49  23  50
 51  45  51  46
 35  42  35  43
 72   5  72   6
 63   1  63   2
  4  19   4  20
 23   9  24   9
 49  26  49  27
 51  37  51  38
 50  46  51  46
 37  33  37  34
 68  28  69  28
 80  25  81  25
 13  34  14  34
 41  30  41  31
 86  37  86  38
 49  27  50  27
 48   2  49   2
 83   9  83  10
 35  18  36  18
 50  13  50  14
 70  18  71  18
 44   3  44   4
 19  44  19  45
 75   4  76   4
 87  14  88  14
 97  24  97  25
 29  36  30  36
 60  24  60  25
 76  13  76  14
  7   3   8   3
 67   8  67   9
 20  19  20  20
 74  16  74  17
 23  25  23  26
 13  45  14  45
 87   9  87  10
 86  19  87  19
 83  11  83  12
 76  34  77  34
 66  24  66  25
 17  17  18  17
 44  39  45  39
 19  14  20  14
 19  12  20  12
 22   9  22  10
  1  15   1  16
 36  47  36  48
 76  17  76  18
 68  10  69  10
 55  27  56  27
 61  36  62  36
 82  10  83  10
  8   4   8   5
 46  12  47  12
 94  13  95  13
101  34 101  35
  9  27  10  27
100  46 100  47
 82  29  82  30
 75  11  75  12
 36  41  36  42
 83  28  84  28
 95  32  96  32
 63  21  64  21
 53  42  53  43
 23  28  23  29
 42   8  43   8
102  27 102  28
  0  30   1  30
 72  48  72  49
 97   5  97   6
 30  39  31  39
 50  11  50  12
 47  33  47  34
 47  49  48  49
  2   5   3   5
 90  35  90  36
 29  33  30  33
 40  41  40  42
 65  37  66  37
 52   4  52   5
 93  38  94  38
  4   3   5   3
 77  44  78  44
 44  11  45  11
 57  24  57  25
 89  30  90  30
 57  12  57  13
 85  27  85  28
 58  21  59  21
  4  38   5  38
  9   2   9   3
100   6 101   6
 10  41  10  42
 39  32  40  32
 98  48  98  49
  0   4   1   4
 72  36  72  37
 58  40  59  40
 79  13  80  13
 78  15  79  15
 13   0  13   1
 13  26  14  26
 65  36  65  37
 45  24  45  25
 62  20  63  20
 39  30  39  31
 25  37  26  37
 26  23  26  24
 93   5  94   5
 25  28  25  29
 43  29  43  30
 38   6  39   6
 28  19  29  19
 85  17  85  18
 79  26  80  26
 75  32  75  33
 84   2  85   2
 27  37  27  38
 41   1  41   2
  2  29   2  30
 46  13  46  14
  9  48   9  49
  9  30   9  31
 18  39  18  40
 52   5  52   6
 72  38  73  38
 46  31  46  32
 86  31  86  32
 17  26  18  26
 52   0  53   0
 38  16  39  16
 52  47  53  47
  6  19   6  20
 35   3  35   4
 69  39  69  40
  2  31   3  31
 66  34  66  35
 43  12  43  13
 77   4  78   4
 88  28  88  29
 12  44  13  44
  7  40   7  41
 58  13  59  13
 44  16  45  16
 22  25  22  26
 54  22  55  22
 97  45  97  46
 21  15  21  16
 62   3  62   4
 45  23  46  23
  0  10   1  10
 86  11  86  12
 92  40  92  41
  1  12   2  12
 21  26  21  27
 38   5  38   6
 34  21  34  22
 70  46  70  47
 77  37  78  37
 27  35  28  35
 78   4  79   4
  1  36   2  36
 18  38  19  38
 41   0  41   1
 83  38  83  39
 21  19  21  20
 68  36  69  36
 95  40  96  40
 81  45  82  45
 57   4  58   4
 24   9  25   9
 96  46  97  46
 47  46  48  46
 83  21  84  21
 58  48  58  49
 89  18  90  18
 75  29  75  30
 69  40  69  41
 19   3  19   4
 12   9  13   9
 56  29  56  30
100  37 101  37
 86   8  87   8
 41  25  41  26
 19  13  19  14
 15  18  16  18
 21   6  22   6
 49  22  49  23
 57  34  57  35
 55  42  55  43
  8  19   9  19
 45  50  46  50
  1  19   2  19
 23  40  24  40
 25  35  25  36
 40  25  41  25
  6  19   7  19
 88  49  89  49
 95  43  96  43
 70  11  71  11
 49  34  50  34
 87  37  87  38
 42  20  43  20
 60   7  60   8
 18  31  19  31
 48  11  49  11
 31   9  32   9
 99  36  99  37
 28  11  28  12
 53   6  53   7
 96  23  97  23
 28  40  29  40
  0   0   0   1
 56  47  56  48
 52  19  52  20
 97   2  97   3
 97   2  98   2
 17  17  17  18
 33  30  34  30
 61   2  61   3
 63   7  63   8
 81  32  81  33
  8  45   8  46
 99  17 100  17
  2  17   3  17
 94   2  94   3
 98  49  99  49
 14  25  14  26
 59  33  59  34
 74   1  74   2
  1  39   1  40
 52  49  53  49
 45  30  45  31
 39  36  40  36
 28  43  28  44
 63  31  64  31
 76   2  76   3
 61  29  61  30
 21  50  22  50
  3  28   4  28
 20  41  20  42
 78  25  79  25
 98   9  99   9
 20  46  20  47
 30  26  31  26
  0  36   0  37
 77   3  77   4
 45  25  45  26
 66  25  66  26
 52  34  52  35
 78  47  78  48
 39  14  39  15
  9  51  10  51
 47  21  47  22
 25  12  25  13
 85  51  86  51
 87  46  87  47
101  48 101  49
 25  38  25  39
 68   3  68   4
 88  21  88  22
 98   0  98   1
 54  14  55  14
  4  49   4  50
 53  46  54  46
  4  16   4  17
 69  28  69  29
 82  51  83  51
 25  11  25  12
  1  48   1  49
 51   3  51   4
 43  14  43  15
101  39 102  39
 53  22  53  23
  7   5   8   5
  1  25   1  26
 80   2  81   2
 27  50  27  51
 44  42  44  43
 83  14  83  15
 68  28  68  29
 61  31  62  31
  3  22   3  23
 57  48  57  49
 41   5  42   5
 77  32  77  33
 20  32  20  33
103  32 103  33
 72  42  73  42
 53  37  53  38
 55  31  55  32
 27  24  27  25
 67  49  68  49
 85  14  85  15
  8  38   9  38
 16  29  16  30
 51  31  51  32
 29  27  30  27
 17  41  17  42
 71  27  71  28
 10  45  11  45
 93   0  93   1
 14  26  14  27
 93  34  94  34
 18   2  18   3
  8  28   9  28
 58  29  58  30
 73  36  74  36
 72  32  73  32
 25  49  25  50
 69  24  69  25
 58   2  58   3
 20  45  21  45
 30  32  31  32
 59   4  59   5
 10  11  11  11
 67  33  68  33
 22  19  22  20
 62   6  62   7
 93  13  93  14
 18  20  19  20
 93  14  94  14
  6  17   7  17
  2  35   3  35
 64  43  65  43
 45   8  46   8
 74  50  74  51
 11  25  11  26
 52  41  53  41
 51  14  51  15
100   4 100   5
  8  25   9  25
 34  23  34  24
 98   9  98  10
 48  42  49  42
101  46 102  46
 17   5  18   5
 45  11  46  11
 86  32  86  33
  3  10   3  11
101   5 102   5
 85  33  85  34
 58  28  58  29
 31  27  31  28
 89  22  90  22
 74  14  74  15
 44  21  44  22
 76  13  77  13
 56  26  57  26
 89  32  90  32
 50   8  50   9
 50  35  51  35
 41  16  41  17
 30   5  31   5
 90  13  91  13
 60  29  60  30
 82  41  83  41
 19   4  20   4
 35  40  35  41
 71  38  72  38
 27  41  28  41
 90  12  90  13
 85  38  85  39
 53  23  54  23
 69   2  70   2
 47  40  47  41
 72  26  73  26
 49  30  49  31
 20  50  20  51
 11  27  12  27
 97  18  97  19
 44   6  44   7
 22   7  22   8
  7  43   7  44
 17  31  17  32
 47  20  48  20
 43   9  44   9
 32  27  32  28
 39  22  39  23
 37  24  38  24
 95  28  96  28
 53  45  54  45
 60  28  60  29
 70  15  71  15
 78  11  78  12
 32  27  33  27
 69  47  70  47
 56   8  57   8
 63  38  64  38
 20   2  20   3
 93   9  94   9
 35  32  36  32
  4  24   4  25
 51  24  52  24
 98  35  98  36
 37  30  38  30
 83   9  84   9
 37   0  37   1
 55  27  55  28
 61  30  62  30
 30  25  31  25
 92  22  93  22
 13  37  14  37
 13  18  13  19
 17  22  18  22
 63  33  63  34
 30  44  30  45
 11   9  11  10
 73   8  74   8
 40   2  41   2
 41  25  42  25
 33  31  33  32
 11  13  11  14
 21  42  22  42
 67  22  68  22
 30   8  30   9
 47  17  47  18
 72   7  73   7
 18   2  19   2
 31  13  31  14
 88  48  88  49
 21   1  21   2
  2   9   3   9
 86  14  86  15
 84   6  85   6
 22  13  22  14
 10   2  11   2
  7  39   7  40
 72   9  73   9
 14  17  14  18
 40  35  41  35
 42  37  42  38
 66  48  66  49
 79   4  80   4
 69  16  70  16
 13   8  14   8
 87   8  87   9
 28  27  29  27
 47  36  47  37
  6  20   7  20
 71  22  71  23
 37  40  37  41
 21  25  21  26
 49  11  49  12
 73  47  73  48
 25   8  26   8
 54  46  54  47
 24   3  24   4
 85  34  86  34
 43  40  43  41
 24  16  24  17
 15  22  16  22
  6   8   7   8
 47  28  47  29
 93  50  94  50
  9  32  10  32
 23  14  23  15
 68   9  68  10
 85  22  85  23
 99  50  99  51
  6   9   7   9
 61  35  61  36
 85  15  86  15
 18  26  19  26
 39  14  40  14
 42   1  42   2
100  50 101  50
 39  17  39  18
 97  47  98  47
  5  38   6  38
102  36 103  36
 16  14  17  14
 17  43  18  43
 57  24  58  24
 73  46  74  46
 10  32  10  33
 46  46  46  47
 89  25  90  25
 11  41  12  41
  5  21   5  22
 56  19  56  20
 65  40  65  41
  4   0   4   1
 97  38  97  39
 56   5  56   6
  2   5   2   6
 52  40  53  40
 14  34  15  34
 60  15  60  16
 46  32  46  33
 90  46  90  47
 27  47  27  48
  8  17   9  17
 28  44  29  44
 85  16  86  16
 45  15  46  15
 35  49  36  49
 51  36  51  37
 90   6  91   6
 70  40  70  41
 30  32  30  33
 20  23  21  23
  8  14   9  14
 85  28  85  29
  1  13   1  14
 91  34  92  34
 55  14  56  14
 54  25  55  25
 87   9  88   9
 17  20  17  21
 84  18  84  19
  5  22   5  23
 56  15  56  16
 82  13  83  13
 87  20  88  20
 35  30  36  30
  2  25   2  26
  0  18   1  18
 96  32  97  32
 17  39  18  39
 38  32  38  33
 90   2  91   2
 89  11  90  11
 91   2  92   2
 34   0  34   1
 72  46  72  47
 38  32  39  32
 22  17  22  18
 92   3  92   4
 63  17  63  18
 75  28  76  28
 91  49  92  49
 59   4  60   4
 50  23  51  23
 20  26  21  26
 11  51  12  51
 25  42  25  43
 18  36  18  37
 73  36  73  37
  7  19   8  19
 27  17  28  17
 81  25  82  25
 62  50  63  50
 69  18  70  18
 78  43  79  43
 66   9  66  10
 50  27  51  27
 76  20  77  20
 19  27  20  27
 57  23  57  24
 34  14  35  14
 68   5  69   5
 84  33  85  33
  8  46   9  46
  3  30   4  30
 30  28  30  29
 17   6  18   6
 27  48  28  48
 57  39  57  40
 50  41  51  41
 90  31  90  32
 96  50  97  50
  0   2   0   3
  0   3   1   3
 40  30  41  30
 89  34  90  34
 82  23  83  23
 94  29  95  29
 45  37  45  38
 75  45  75  46
 12  30  13  30
 72   0  72   1
 48  35  48  36
  2  38   3  38
  8  41   8  42
 15  44  15  45
 60  31  61  31
 33  48  34  48
 31  50  31  51
  1  14   1  15
 85   0  86   0
 64  18  65  18
 26  34  27  34
 63  35  63  36
 21  10  21  11
  1   1   2   1
 23  36  24  36
  3  46   3  47
  9  29   9  30
 58  44  59  44
 47  29  48  29
 25  46  26  46
  0  23   1  23
 34   4  35   4
 46  29  46  30
 17  29  17  30
 21  37  22  37
 70  50  70  51
102   9 103   9
 98  22  98  23
 75  20  75  21
 50  34  51  34
 50  32  50  33
 60  23  60  24
 50   7  51   7
 99  16  99  17
 27  11  28  11
 34   4  34   5
 99   7 100   7
 45   2  46   2
 74  24  75  24
 98  42  99  42
 57   9  57  10
 89  35  90  35
 47   5  48   5
 30  19  31  19
 51  42  51  43
 58   8  59   8
 56  34  57  34
 38  28  39  28
 48  19  48  20
 61  21  61  22
 30  35  30  36
 43  47  43  48
 99  21 100  21
 42  39  43  39
 57  38  58  38
 42  33  43  33
 90  36  91  36
 37  40  38  40
 89  29  89  30
 40  43  41  43
 95  13  95  14
 56  23  56  24
 54  36  55  36
 83  46  84  46
 84   5  84   6
 90  21  91  21
 99  51 100  51
 71  11  71  12
 41  17  42  17
 79   9  79  10
 25   0  25   1
  7  24   8  24
 32  36  32  37
  8   4   9   4
 22  12  23  12
 24  12  24  13
 16  34  17  34
 42  19  43  19
 29  27  29  28
 47   1  48   1
 56  43  56  44
 17  47  18  47
 48  26  48  27
 17  19  18  19
 35  41  36  41
 53  33  54  33
 68  48  69  48
 97  29  97  30
 71  42  72  42
  9  13   9  14
 79  26  79  27
 54  18  54  19
 48  34  49  34
 86  42  87  42
 58   6  58   7
 30  24  31  24
  9  16  10  16
 80  28  81  28
 45  47  45  48
 69  51  70  51
 71  36  72  36
 88  14  88  15
 67  38  67  39
 37  26  38  26
 99  18 100  18
 82  32  82  33
 61   6  61   7
 35   7  36   7
 89   0  89   1
 88  19  89  19
 96  33  97  33
  2   1   3   1
 96  42  97  42
 21  50  21  51
 83  30  84  30
 81  43  82  43
 91  28  92  28
 90  21  90  22
 33  44  34  44
 17  45  17  46
 52  13  53  13
  5   2   5   3
 67  23  68  23
  3  23   4  23
 67  42  68  42
 78  25  78  26
 30  21  30  22
 71  41  72  41
 56  37  56  38
101   7 101   8
 77  32  78  32
 72  12  73  12
 31  33  32  33
 39  16  40  16
 95  28  95  29
 94  44  95  44
 69  46  69  47
 14  45  15  45
 91  20  91  21
 90   9  90  10
 23  13  24  13
 49  26  50  26
 73  15  73  16
 60  20  60  21
 46  25  46  26
 26  15  26  16
  7  30   7  31
 89  26  90  26
 54  14  54  15
 66  27  67  27
 41  44  42  44
 71  14  72  14
 81  18  81  19
 57  38  57  39
 22  16  22  17
 26   9  27   9
  9  11  10  11
 33   1  33   2
 69  29  70  29
 27   2  27   3
 51  29  52  29
 38  35  38  36
 89  36  89  37
 96  21  96  22
 99  45  99  46
 38  26  39  26
 47  41  48  41
 92  21  92  22
 17  40  18  40
 79  12  79  13
 61  37  62  37
  1  21   1  22
 85  28  86  28
  1  20   2  20
 93  23  94  23
 15  20  15  21
 74  18  75  18
 50  32  51  32
 78  16  78  17
 65   7  65   8
 13  27  14  27
 20  37  21  37
101  20 102  20
101  47 102  47
 13  22  13  23
 60   0  60   1
 36  23  37  23
 74   3  75   3
101  20 101  21
 95  49  95  50
 45   5  45   6
102  43 102  44
 91  33  92  33
 29  11  30  11
 57  16  57  17
 66  17  66  18
  3  43   4  43
 41   8  42   8
 73  34  74  34
 75   8  76   8
 81  38  82  38
 79  19  79  20
 86  16  86  17
 32  11  33  11
 36  34  37  34
 65  11  65  12
 61   3  61   4
 63  43  63  44
 84  37  85  37
 31  18  32  18
 36  25  36  26
 66   7  67   7
 68   8  69   8
 32  48  33  48
 60  21  60  22
 43  14  44  14
 32  23  33  23
 46   6  46   7
 25  16  26  16
  4  49   5  49
 57  26  58  26
 93  12  94  12
 47  49  47  50
  8  44   9  44
 49  29  49  30
  1   8   2   8
 79  11  80  11
 34  35  35  35
  4  14   5  14
 77  50  77  51
 42  44  43  44
 74  29  74  30
 55  33  55  34
 65  18  66  18
 78  13  78  14
 49  28  49  29
 38  30  39  30
 56   3  57   3
 30  12  31  12
 89  13  90  13
 88   8  89   8
 37  46  37  47
 58  22  58  23
 23  30  23  31
 31  18  31  19
 45  43  46  43
 50  20  51  20
 21  35  22  35
 42  51  43  51
 55  26  56  26
 79  29  80  29
 39   9  39  10
 13   1  13   2
 32   3  33   3
 66   9  67   9
 57  10  57  11
 15  24  16  24
 11  38  12  38
 22  41  23  41
 44  40  44  41
 44  36  44  37
 81  24  81  25
 82   1  82   2
 52  21  53  21
 28   8  28   9
 35  42  36  42
 32   9  33   9
 48  14  48  15
 23   3  23   4
 49  46  49  47
 15  41  15  42
 52  31  53  31
  3   0   3   1
 22  46  22  47
 52   7  52   8
  5  18   6  18
  7  21   7  22
  8  49   8  50
 65  26  66  26
 92  24  92  25
 63  23  64  23
 95  18  95  19
  9  48  10  48
 82   0  82   1
 24   7  25   7
 59  38  59  39
 12  17  12  18
 92  41  92  42
 97  10  97  11
 19  49  19  50
 83   5  83   6
 25  28  26  28
 30   0  30   1
 24  21  24  22
 52  31  52  32
 54  40  55  40
 18  13  19  13
 43  16  43  17
 13  43  14  43
 86  13  86  14
 52  30  53  30
  3  43   3  44
 88   3  89   3
 14  17  15  17
 49  41  50  41
 93  43  94  43
 78  41  78  42
 60  28  61  28
 18  10  19  10
 42  50  43  50
 19  38  19  39
 62  31  62  32
 54   8  55   8
 97  18  98  18
 30  14  30  15
 61  37  61  38
 46   9  47   9
 30  20  30  21
 72  24  72  25
 39   8  40   8
 10  11  10  12
 55  31  56  31
102  33 102  34
 96  18  97  18
 24  35  25  35
103  23 103  24
  1  47   2  47
 61  36  61  37
 33  17  34  17
 31  37  32  37
 50  36  51  36
 27  28  27  29
 52  17  52  18
 48  41  48  42
  1   3   2   3
 10  44  11  44
 45  18  45  19
101  14 101  15
 86   2  87   2
102  39 103  39
 90  37  91  37
 25  18  25  19
 16  36  16  37
  0  13   1  13
  4  42   4  43
 75  44  76  44
 60  30  60  31
 15  49  16  49
 99  36 100  36
 32  25  33  25
 41   2  42   2
  5   1   5   2
 94  43  94  44
 91   6  91   7
 58   8  58   9
  1  45   1  46
 77   3  78   3
 30  14  31  14
 59   7  59   8
 53  20  53  21
 29   8  29   9
  4  29   5  29
 14  23  14  24
 18  50  19  50
  0  39   0  40
 92   0  93   0
 15  26  16  26
 12  29  13  29
 56   0  56   1
 39  44  40  44
 38  47  39  47
  5  31   6  31
 85  14  86  14
 68   6  69   6
 51  32  52  32
  9  34  10  34
 93  47  94  47
  1  30   2  30
 33  32  34  32
 16  41  16  42
 34  49  35  49
 55  11  56  11
  4  11   4  12
 80  48  81  48
 50  45  51  45
 18   6  18   7
 29  28  29  29
 95  25  95  26
  2  22   2  23
 64  21  65  21
 80  20  81  20
 38  12  39  12
  0  51   1  51
 33  46  34  46
 37   9  38   9
 93  42  93  43
 69  41  70  41
 25  25  26  25
  1  16   1  17
 66  33  66  34
 59  25  60  25
 32   0  33   0
 77  27  77  28
 37  28  37  29
 92   8  92   9
 39  35  40  35
 30  51  31  51
 11  18  12  18
 73  46  73  47
 43  47  44  47
 64   7  65   7
 89  14  89  15
  2  42   3  42
 96  30  96  31
 29  47  30  47
 37  22  37  23
 89  25  89  26
 58  11  59  11
 94  28  95  28
 47  18  47  19
 12  25  13  25
 96   3  97   3
 11  42  12  42
 44  31  45  31
 88   7  89   7
 42  25  43  25
 72  24  73  24
 84  35  84  36
 19   6  20   6
 66   0  66   1
 42  45  42  46
 51  31  52  31
 31   9  31  10
 30  49  31  49
 29  43  29  44
  6  46   7  46
 89  50  90  50
 66  30  66  31
101  15 101  16
  0  36   1  36
 61  19  61  20
 21   9  22   9
 19  47  19  48
 66  41  67  41
 83  42  84  42
 17  43  17  44
 85  43  86  43
 57  27  57  28
 37  50  38  50
101  31 101  32
 65  33  66  33
 21  38  22  38
 43  36  43  37
 40  45  40  46
 85   7  85   8
 10  33  10  34
 57  44  57  45
 12  14  13  14
 11  21  11  22
 88  12  88  13
 73  39  73  40
  3   4   3   5
 33  29  34  29
 48   0  49   0
 11  24  12  24
  3  13   4  13
 32  16  33  16
 37  46  38  46
 67  49  67  50
  9  15  10  15
 27   3  28   3
 36   9  36  10
 55  39  55  40
 97  34  97  35
 95  12  96  12
 96  36  97  36
 47   4  48   4
 23  42  24  42
 19  28  19  29
 98  40  98  41
 18  17  19  17
 21   5  21   6
 45  48  46  48
 66  24  67  24
 88  26  89  26
 79  28  80  28
 99  20 100  20
 45  36  46  36
 11  40  11  41
 53  43  54  43
 16  31  16  32
 23  40  23  41
 81  23  82  23
 77  16  78  16
 28   1  28   2
 86  51  87  51
 17  51  18  51
 97  21  98  21
 29  14  30  14
 13  38  13  39
 73  30  74  30
 20   6  20   7
 84  28  84  29
 15  10  16  10
 95  10  95  11
  8  48   8  49
 92  13  92  14
 81  31  81  32
 44  43  45  43
 26  22  26  23
 45  33  46  33
 96  20  96  21
 65  32  66  32
 77   8  77   9
 36  29  36  30
 46  10  46  11
 73  11  74  11
 47  50  48  50
103  25 103  26
 98  16  99  16
 72   6  73   6
 82  16  83  16
 22   0  23   0
 84  44  84  45
 11  37  12  37
 88  10  89  10
 99  13  99  14
  1  22   1  23
 67  46  67  47
 15  49  15  50
 94   7  95   7
 64  31  64  32
 41  29  42  29
 40  29  41  29
 21  21  22  21
 54  42  54  43
 99  44  99  45
 31  32  31  33
  4  22   4  23
 31   5  31   6
 83   7  83   8
 63  20  64  20
  2   2   2   3
 12  45  12  46
 52   2  53   2
 80   7  81   7
 73  45  74  45
 23  32  24  32
 40  39  40  40
 90  32  91  32
  6  24   6  25
 50   9  51   9
 18  27  18  28
 56  18  56  19
 91  50  92  50
 65  42  66  42
 60  22  60  23
 31  38  31  39
 45  37  46  37
 59  22  59  23
 60   1  61   1
 87  51  88  51
 56  25  56  26
 13  47  14  47
 33  45  33  46
 81  31  82  31
 78  26  79  26
 83  29  83  30
  2  28   3  28
 47  26  48  26
 35  24  36  24
 89  49  90  49
 46  37  46  38
 59  41  59  42
 39  10  40  10
 46  36  46  37
 12  46  12  47
 42  25  42  26
 11  18  11  19
 24  50  25  50
 89  41  89  42
  9  18  10  18
 74  13  75  13
 72  43  73  43
  6  36   6  37
  9  21   9  22
 23  11  23  12
 47  47  47  48
 35  51  36  51
 53   3  53   4
 17  35  18  35
 83  32  83  33
 13  44  14  44
 95  33  96  33
 12   8  12   9
103  10 103  11
 49  24  50  24
 96  16  97  16
 72  33  73  33
 87  24  88  24
103  43 103  44
  2  45   2  46
 24  19  24  20
 26  50  26  51
  6  44   7  44
  6  39   7  39
 24  40  24  41
 82   2  83   2
 83  30  83  31
 79  39  79  40
 34  46  35  46
 16  30  16  31
 89  44  89  45
 71  39  71  40
 74  17  74  18
 18  18  19  18
 24  41  25  41
 46   3  47   3
 33  27  34  27
 43  49  44  49
 14   5  14   6
 36  51  37  51
 33  39  34  39
 57  30  58  30
 69  49  69  50
 66  49  66  50
 43  10  43  11
 29  50  29  51
 47   9  48   9
 16  50  17  50
 44   9  45   9
 44  24  45  24
 31   2  31   3
 19  17  20  17
 14  15  14  16
 43  13  44  13
 70  17  71  17
 29   9  30   9
 10   3  11   3
 51  22  51  23
 57  20  58  20
 12   2  12   3
 59   1  60   1
 33  24  33  25
 31  17  32  17
 30  22  30  23
 63  49  63  50
 62  49  63  49
 79  22  80  22
 31  12  31  13
 70  29  71  29
 70  37  71  37
 18  46  19  46
 63  41  63  42
 64  45  65  45
  2  45   3  45
 47  48  47  49
 19  25  20  25
 67  43  68  43
 75  36  76  36
 60  43  61  43
 39  10  39  11
 23  48  23  49
 92  16  92  17
 47  35  48  35
 57  42  58  42
 12  16  12  17
 75   6  76   6
 40  10  40  11
 61  47  62  47
 11  40  12  40
 59  29  60  29
  4  20   4  21
 76  43  76  44
 75  24  75  25
 68  51  69  51
 33   5  33   6
 66  43  67  43
 52   9  52  10
 66  25  67  25
 44  23  44  24
 92   7  92   8
 11  36  12  36
 73  27  74  27
 23  32  23  33
 10  38  11  38
 88  35  89  35
 70  27  70  28
 77  47  77  48
 51  18  51  19
 97  50  97  51
 77  46  77  47
 61  16  62  16
 93  31  93  32
 69   0  69   1
 41  42  41  43
 81  17  82  17
 91  43  91  44
 49  17  50  17
 57   2  57   3
 76   5  77   5
 12  10  13  10
 75  31  76  31
101  24 102  24
 52  48  52  49
 13  46  13  47
 94  30  94  31
 33  28  34  28
 37   9  37  10
 70  42  70  43
100  10 101  10
 34   6  34   7
 36  27  36  28
 16  12  16  13
 88   4  88   5
 49  43  49  44
 63  38  63  39
 14  22  14  23
 69  12  70  12
 92  37  92  38
 86  33  87  33
  4  27   4  28
100  44 101  44
 93  43  93  44
 81  16  82  16
 49   9  50   9
 62  49  62  50
 55   6  56   6
  2   7   2   8
  3  36   4  36
 32  26  32  27
 67   7  67   8
 16  13  17  13
 16   8  17   8
100  26 101  26
  9  41   9  42
 79  29  79  30
  4   4   4   5
 17   6  17   7
 57  45  58  45
 25  23  25  24
 73  35  74  35
 11   8  11   9
 83  41  83  42
 19  11  20  11
 50  35  50  36
 53  38  53  39
 46   0  47   0
 19   5  19   6
 33  20  34  20
 34   2  35   2
 55  37  56  37
 56  50  56  51
 71  43  71  44
 57  19  58  19
 17  13  17  14
 45  28  46  28
 62  33  62  34
 46  16  47  16
 38  38  38  39
 40  12  41  12
 52  12  52  13
 88   0  89   0
 36  45  36  46
 89  19  89  20
 42   1  43   1
 43   8  43   9
 27  11  27  12
 62  35  63  35
 99  39  99  40
101  35 102  35
 48   5  48   6
 84   8  85   8
 60  34  61  34
 81  48  81  49
 54  38  54  39
 26   9  26  10
 13  29  13  30
 78  40  79  40
  5  37   6  37
 26  50  27  50
 89  40  90  40
 30   6  31   6
 34  47  35  47
 89  35  89  36
 37  31  37  32
 97  31  97  32
 73  17  73  18
 60  17  60  18
 96  10  96  11
 18  47  19  47
 36  12  36  13
  9   6  10   6
 48  40  49  40
  0   8   1   8
 47  32  47  33
 19  35  20  35
 55  49  56  49
 22   5  23   5
 74  21  74  22
 64  40  65  40
 82  44  83  44
 51  34  51  35
 53  24  53  25
 97  14  98  14
 54  35  54  36
 71   4  72   4
 99  30 100  30
 26   0  26   1
 12  43  13  43
 17  28  17  29
 88  34  89  34
 59  47  59  48
 67   1  68   1
 71  26  72  26
 94  49  95  49
 67  31  68  31
 97  12  97  13
 21  16  22  16
 24  46  24  47
 11  16  12  16
 14  28  14  29
 60   5  61   5
 11  14  11  15
 73  37  74  37
  2  48   3  48
 66  37  66  38
 58  49  58  50
 21  23  22  23
 34  35  34  36
 58  21  58  22
  7   2   7   3
 76  12  77  12
 33  18  33  19
 68  21  68  22
 17  30  17  31
 32  42  33  42
 26  27  27  27
  2   8   2   9
 66  19  66  20
 68  38  68  39
 40  13  40  14
 18  34  19  34
 71  41  71  42
  5   1   6   1
 41  40  42  40
 78  22  79  22
 83   3  83   4
 10  50  11  50
 11   0  11   1
 38  40  39  40
 27   0  28   0
 21   2  22   2
 67   9  67  10
 99  35  99  36
 20  15  21  15
 60  42  60  43
 55  23  56  23
 80   3  80   4
 40  29  40  30
 38  15  39  15
 57  46  57  47
 25  47  26  47
 18   9  19   9
 81  42  82  42
 23  29  24  29
 11   2  11   3
 98  15  98  16
 97   7  97   8
102  24 102  25
 40  27  40  28
 82  39  83  39
 55  25  56  25
 61   4  62   4
  0  33   0  34
 87  39  88  39
 72   8  73   8
 77  26  77  27
 53  14  53  15
 28  33  28  34
 13  40  13  41
 30   9  31   9
 50  28  50  29
 97  45  98  45
 67  28  68  28
 39  39  39  40
 18  19  19  19
 17  38  18  38
 87  16  88  16
 38  19  39  19
 91   2  91   3
 38  34  38  35
 63  23  63  24
 23   2  24   2
 99  37  99  38
  8   3   8   4
 55  47  55  48
  0  24   1  24
 75   1  75   2
 59  32  60  32
 54  23  54  24
 43  12  44  12
 40  13  41  13
 58  23  59  23
 57  28  57  29
 67  51  68  51
 31  22  32  22
 38  50  39  50
 73  49  73  50
103   9 103  10
 11  27  11  28
 78  39  78  40
 22  21  23  21
 22  46  23  46
 21  35  21  36
 24  10  25  10
 95  38  95  39
 19  34  20  34
 18  16  18  17
 48  29  48  30
102  51 103  51
 85  48  86  48
 76   1  76   2
  7  29   8  29
 50  25  51  25
  5   5   5   6
 56  45  57  45
 81  37  82  37
 93  37  93  38
 27   7  28   7
 10  42  11  42
 46  47  47  47
 29  25  29  26
 41  47  41  48
 67   6  67   7
 49  42  50  42
 53  29  54  29
 16  40  16  41
 53  21  53  22
 43  50  44  50
 62  51  63  51
 25  34  25  35
  1  11   2  11
 74  49  74  50
 15  32  16  32
 75   4  75   5
 95  45  95  46
  4   5   4   6
 50  44  51  44
 50  18  50  19
 13  13  13  14
 59  31  60  31
 52  35  53  35
 59   6  60   6
 96  28  97  28
 78  39  79  39
 26  42  27  42
 36  39  37  39
 15  22  15  23
 86  31  87  31
 90  24  90  25
 63  50  63  51
 24   9  24  10
 85  41  86  41
 48  51  49  51
 96  14  97  14
 55   4  56   4
 51  16  52  16
 76   9  76  10
 19  21  20  21
 85  12  85  13
 13  34  13  35
 68  33  69  33
 96   8  96   9
103  30 103  31
 44  10  44  11
 64  44  65  44
 88   8  88   9
 53  36  54  36
 56  21  57  21
 11  19  12  19
  3  41   3  42
 10  31  11  31
100   1 101   1
 37   3  38   3
 33  41  34  41
 85  44  85  45
 92   5  92   6
  2  47   3  47
 27  13  28  13
  0  21   0  22
  8  16   9  16
 94   7  94   8
 46  30  46  31
 61   7  61   8
 63  29  64  29
 82  37  83  37
 54  31  54  32
 13  10  14  10
 81  28  81  29
 23  35  23  36
 31  26  31  27
 23  50  23  51
102  31 102  32
 54  24  54  25
  9  33  10  33
 21  49  21  50
 69   0  70   0
 39  15  39  16
 89  12  90  12
 13   6  13   7
 14  45  14  46
 93  35  93  36
 30  18  30  19
 10   0  11   0
 78  28  78  29
 23  25  24  25
 28  21  29  21
 67  32  68  32
  8  46   8  47
 14  13  14  14
  6  12   7  12
 53  25  53  26
 56  46  57  46
  3  50   3  51
 83   0  84   0
 87  29  87  30
 52  45  53  45
  8  30   8  31
 38  49  38  50
 86  11  87  11
 26  44  27  44
 15  23  16  23
 80  26  81  26
 89   4  89   5
 75  13  76  13
 11  20  11  21
 81  10  82  10
 28  32  29  32
100  21 100  22
 80  10  80  11
  5  15   6  15
 94  33  94  34
 66  15  67  15
 13  37  13  38
 31  42  31  43
 31  49  32  49
 22   2  23   2
 35  14  35  15
  0  44   1  44
 39  20  39  21
 62  50  62  51
 72  27  72  28
 91  42  92  42
 52  32  53  32
 43  20  43  21
 92  19  92  20
 92  26  92  27
 43  32  43  33
 82  38  83  38
 16  30  17  30
 76  24  77  24
 79  16  79  17
 61  38  62  38
  5  17   6  17
 48  17  49  17
 64  37  64  38
 38  24  39  24
 15   8  15   9
 86  45  86  46
 47  14  48  14
 51  27  52  27
 67  24  68  24
 75  34  75  35
 36  27  37  27
  8  18   8  19
 40  17  41  17
 35   8  35   9
 84   7  84   8
 71  37  71  38
 31  15  32  15
 28  29  28  30
 56   3  56   4
  7   1   7   2
 84   7  85   7
 64  19  65  19
 10  15  11  15
 14  30  15  30
 10  34  10  35
  4  21   5  21
 96  45  97  45
 88   4  89   4
 97  43  97  44
 63  36  64  36
 48   1  49   1
 14  37  14  38
 37  48  37  49
 36   2  36   3
 22  30  22  31
 73   9  74   9
 71  16  71  17
 95  31  96  31
 93  44  94  44
 44  47  44  48
  7  42   8  42
 83  47  83  48
 89  39  90  39
 58  43  58  44
  9  28   9  29
  9  49  10  49
 27  46  27  47
 13  12  13  13
 27  25  28  25
 26  30  26  31
  5  16   5  17
 46  33  47  33
 12  20  13  20
 81  51  82  51
 94  13  94  14
 25   4  26   4
 75  12  76  12
 78   7  79   7
100  44 100  45
100   2 101   2
 10  36  11  36
 71  42  71  43
  8  11   8  12
 65  30  65  31
  3   7   3   8
 93  31  94  31
 85  21  86  21
 69  49  70  49
 42  17  42  18
  0  21   1  21
 67  11  68  11
 27   8  28   8
 54  12  54  13
 23  16  23  17
 17  33  17  34
 96  49  97  49
 26  13  26  14
  4  14   4  15
 19  45  19  46
 58   1  58   2
 63  30  63  31
 32  24  33  24
 86  29  86  30
 77  39  78  39
 20  10  20  11
 99  29 100  29
 53  51  54  51
 63  14  64  14
 10   9  11   9
 78  43  78  44
 26  48  27  48
 41  38  41  39
 64  18  64  19
 74   7  75   7
 65  46  66  46
 32  31  33  31
 69  41  69  42
  0  41   0  42
 99  18  99  19
 70  22  70  23
102  45 102  46
 99  19 100  19
 77  49  78  49
 96  23  96  24
 67  47  68  47
 78  35  79  35
 30   2  30   3
 90   3  90   4
 18   5  19   5
 45   4  46   4
 61  39  62  39
  4  44   4  45
 69  19  70  19
 58  50  59  50
 17  12  18  12
 37  11  38  11
 35  43  35  44
 43  30  44  30
 31  21  32  21
 38   1  38   2
 40  10  41  10
  1   7   2   7
 66  12  67  12
 94  34  95  34
 34  48  34  49
 77  25  77  26
 78  47  79  47
 71  48  72  48
103   4 103   5
 13   0  14   0
  5  23   6  23
 25  15  25  16
 63   9  64   9
 61  46  62  46
 45  12  46  12
 58  39  59  39
  8   1   9   1
 76  42  77  42
 74  41  74  42
 74  24  74  25
  9  45   9  46
 86  48  87  48
 41  50  41  51
 90  49  91  49
 80  35  81  35
 39  18  40  18
 66  13  67  13
 34  23  35  23
 72  23  73  23
 20  24  21  24
 48   4  49   4
 52  18  52  19
 50   6  51   6
  6  26   7  26
 97  42  97  43
 53  10  54  10
 23   4  24   4
 66  32  67  32
 63  22  63  23
 85  49  85  50
 44   7  44   8
 31  44  31  45
 81  33  82  33
 51  43  51  44
 45  11  45  12
 77  28  78  28
 30   7  30   8
  0   2   1   2
 67  30  67  31
 49  31  49  32
 64  38  65  38
 80  30  81  30
 16  38  17  38
 55  16  56  16
 87  25  88  25
  3  27   4  27
 95  11  96  11
 84  38  84  39
 61  49  62  49
102  18 102  19
 54  13  55  13
 25  42  26  42
 82  13  82  14
 78  14  78  15
 27  21  28  21
 34  16  34  17
 31  45  32  45
 42  47  43  47
 87  38  88  38
 10  10  11  10
 21  28  21  29
 99  40  99  41
 22  48  22  49
 30  23  31  23
 11  21  12  21
 82  41  82  42
 83  12  84  12
 27  23  27  24
 74  10  75  10
 79   3  79   4
  5   0   5   1
 96  19  96  20
 95  50  95  51
 38   3  39   3
 98  23  99  23
 96   0  97   0
  6  26   6  27
  2   9   2  10
 24  40  25  40
 98  17  98  18
 41  18  42  18
 48  11  48  12
 55  23  55  24
  9  42   9  43
 68  49  68  50
 70  32  71  32
 44   4  45   4
102  16 102  17
 14   0  14   1
 82  19  82  20
 66  23  66  24
 90   7  90   8
  3  40   3  41
 17  47  17  48
 94  46  94  47
 57  50  58  50
 29  22  30  22
 87   2  88   2
  8  20   9  20
 98  34  99  34
 36  30  37  30
 37  38  37  39
 61  10  62  10
 68  39  69  39
 75  16  76  16
 77  49  77  50
102  40 102  41
 59   6  59   7
 90  26  90  27
 12  19  12  20
 66  35  66  36
  2  10   3  10
 82   4  83   4
102  24 103  24
 56  32  57  32
 59  11  59  12
 53   7  54   7
 21   7  21   8
 78  19  78  20
 57  27  58  27
 49   2  50   2
 11  49  11  50
 25  36  26  36
 20   9  21   9
 32  19  33  19
 78   6  78   7
 39  27  40  27
 61  11  61  12
 21  14  22  14
 76  48  76  49
 24  19  25  19
 40   0  41   0
 88  30  88  31
 84  39  84  40
 82   9  83   9
 60  24  61  24
  7  43   8  43
 30   2  31   2
 76  44  76  45
 32  15  33  15
  8  26   9  26
 74  15  74  16
 27  30  27  31
 25  22  26  22
 95  34  95  35
 41   3  41   4
 38   6  38   7
  5  37   5  38
 59  34  59  35
 27  43  27  44
  5  41   6  41
  3  28   3  29
 26  40  27  40
 62  48  63  48
 16   0  17   0
 42  46  43  46
 20  11  20  12
 49  41  49  42
 63  45  64  45
 40   3  40   4
 82  35  83  35
 14  40  14  41
 73  51  74  51
  6  31   7  31
 86  10  86  11
 41  24  42  24
 28  47  29  47
 24  37  25  37
  5  40   5  41
  1  12   1  13
 93  16  93  17
 68  31  69  31
 87  33  87  34
 56  39  56  40
 89   8  90   8
 84  35  85  35
 70  20  71  20
 66  31  66  32
 26  18  27  18
 76  19  76  20
 33  40  34  40
 73  25  74  25
  1  37   2  37
  9  13  10  13
 34  31  35  31
 34  42  34  43
 74  36  75  36
 92  18  92  19
 91  15  91  16
 76  27  77  27
102   3 102   4
 59   3  60   3
 88  19  88  20
  7  33   7  34
  8  27   9  27
 30  50  30  51
 81  10  81  11
102  18 103  18
102   5 103   5
 27  22  27  23
 47  16  47  17
 59  47  60  47
 44  32  45  32
 62  41  63  41
  5   6   5   7
 47  44  47  45
 60  15  61  15
 36  48  37  48
 36  36  36  37
  7  40   8  40
 37  29  38  29
 53  39  53  40
 37  33  38  33
 48  40  48  41
 49  18  49  19
101  32 101  33
 68  18  68  19
 16  25  16  26
  4  50   5  50
 44  37  45  37
 63  28  63  29
  4   8   5   8
 90   8  90   9
 36  28  37  28
 46  26  47  26
 41  23  42  23
 84  21  85  21
 94  31  95  31
  3  37   3  38
 20  36  21  36
 66   5  67   5
 36  42  37  42
 88  43  88  44
  5  39   5  40
 10  46  11  46
 44  36  45  36
 13  19  14  19
 99  45 100  45
 48  26  49  26
  5  27   5  28
 82  36  82  37
 33  38  33  39
 39  26  40  26
  9   0   9   1
  4  43   5  43
 27  36  27  37
  3  15   3  16
 42  14  42  15
 22  47  23  47
 92  32  92  33
 35  36  35  37
 36  36  37  36
 34  10  35  10
 54   6  55   6
 38  44  39  44
  6  27   6  28
 74  33  74  34
 34  22  35  22
 71  40  71  41
 33   4  34   4
 48   8  48   9
 66  39  66  40
  7  41   7  42
 46  29  47  29
102  17 103  17
 52  38  52  39
 42  27  42  28
 10  51  11  51
 58  47  58  48
 18  22  18  23
 94  39  94  40
 70  30  70  31
 39  25  40  25
 12   6  12   7
102  13 103  13
 50  50  51  50
 61  31  61  32
 61  48  61  49
 24  13  24  14
 79  15  79  16
 72  40  73  40
 84  11  85  11
 48   9  48  10
 36   5  37   5
 60   5  60   6
 88  25  88  26
 47  51  48  51
 68  48  68  49
 46  10  47  10
 18  15  19  15
 86  49  87  49
 99  25 100  25
 74  17  75  17
 27  21  27  22
 10  20  11  20
  6  11   7  11
 83  11  84  11
 54  27  55  27
100  30 100  31
 21  30  22  30
 31  32  32  32
 85  26  85  27
 44  20  45  20
 40  40  41  40
 61   0  61   1
 50  37  50  38
 62  23  62  24
 27  17  27  18
 37  23  37  24
103  16 103  17
 75  42  76  42
 82  29  83  29
 72  42  72  43
 70  21  70  22
 96   7  97   7
 75  51  76  51
 44  14  44  15
  6  14   6  15
 59  44  59  45
 80  10  81  10
 79  19  80  19
  3  34   4  34
 76  30  76  31
 32  12  33  12
 61  32  61  33
 91  32  92  32
 97  32  98  32
 30  50  31  50
 89  14  90  14
 96   8  97   8
 84   8  84   9
 19   1  19   2
 49  48  50  48
 17  33  18  33
 14   9  14  10
 84  22  84  23
 86  27  86  28
 89  49  89  50
 92  27  92  28
 24  41  24  42
 66  44  67  44
 41  49  42  49
  6  33   6  34
 78  22  78  23
 52   0  52   1
  1  35   2  35
 26  10  27  10
 25   3  25   4
 29  37  30  37
 17  21  17  22
 57  14  57  15
 25   2  26   2
 75  20  76  20
 67  23  67  24
 26  37  27  37
 36  38  36  39
 95   5  95   6
 98  26  98  27
 47  24  48  24
 44   1  44   2
 93  28  94  28
 79  34  79  35
  3  47   4  47
 22  20  22  21
 60  47  61  47
 16   0  16   1
 75  29  76  29
 40   1  41   1
 35   6  35   7
  5  45   6  45
 88  47  89  47
 70  19  71  19
 71  33  71  34
 16  41  17  41
 25  16  25  17
 62  21  62  22
 33   1  34   1
 78  41  79  41
 12  44  12  45
  3  19   4  19
 89   1  89   2
  2   3   2   4
 73  33  74  33
 84  43  85  43
 14  12  14  13
 89   3  90   3
 97  33  97  34
 29  39  29  40
 15  33  16  33
 72  39  73  39
 69  23  70  23
 63  16  64  16
102  36 102  37
 65  16  66  16
 77  42  78  42
 24  25  24  26
 77  22  78  22
 33  34  34  34
 68  19  69  19
  9  25  10  25
  7  41   8  41
  4  38   4  39
 33  41  33  42
 43  26  44  26
 81  41  82  41
  4  18   5  18
 38  23  39  23
 51  50  52  50
 58  10  59  10
 26  10  26  11
 50  25  50  26
 72  37  72  38
  3  31   3  32
 92  21  93  21
 10   7  11   7
 11  28  12  28
  5  11   5  12
 48  22  48  23
 14  47  14  48
 96  35  96  36
 64  46  64  47
 38   2  38   3
 91  42  91  43
 81  26  82  26
 97  28  97  29
  7  32   8  32
 39  45  39  46
 81   8  81   9
 11  30  12  30
 21  25  22  25
  9  46  10  46
 81  20  82  20
 98  26  99  26
 31  19  31  20
 57  31  58  31
 90  38  90  39
 18   7  19   7
  1  34   1  35
 71  46  72  46
  5  28   5  29
 85  50  85  51
 49   8  49   9
 36  19  37  19
  6  22   7  22
 18  35  18  36
 62  10  63  10
 72   0  73   0
 86  21  87  21
 16  20  17  20
 86  24  87  24
102  19 103  19
  2  46   2  47
 77   9  78   9
 81   4  82   4
 23  46  24  46
 68  20  68  21
 76   4  77   4
 53  16  53  17
 67  26  67  27
 41   6  42   6
 79   0  80   0
 68  30  68  31
 74  19  75  19
 41  19  42  19
 61  40  62  40
  0  20   1  20
 35   6  36   6
 80  46  81  46
 75  21  75  22
 90  37  90  38
102   4 103   4
 48  18  48  19
 87  23  88  23
 27  20  28  20
 16  32  16  33
 45  14  45  15
 19  33  19  34
 65   4  66   4
 39  42  39  43
 83  19  83  20
 13   3  13   4
 95  26  96  26
 90   0  90   1
 21  47  21  48
 26  16  26  17
  7  18   8  18
 68  29  69  29
 43   6  43   7
 17  15  18  15
 71  28  72  28
 98   6  98   7
100  28 101  28
 57   1  58   1
 15  28  15  29
 29  49  29  50
 61  35  62  35
 52  33  52  34
 62  45  62  46
 57  42  57  43
 20   5  20   6
 60  19  61  19
 36  25  37  25
 68  16  68  17
 47  20  47  21
 29  21  29  22
