PATH 24 48
0 0
1 0
1 1
1 2
1 3
0 3
0 4
1 4
2 4
3 4
3 5
4 5
4 4
4 3
4 2
4 1
5 1
5 0
6 0
7 0
7 1
7 2
6 2
6 3
6 4
6 5
7 5
8 5
8 6
8 7
8 8
8 9
9 9
10 9
10 10
10 11
11 11
11 12
11 13
11 14
11 15
10 15
10 16
9 16
9 17
10 17
11 17
11 18
11 19
12 19
12 20
13 20
14 20
15 20
15 21
15 22
14 22
14 23
13 23
12 23
12 24
12 25
12 26
12 27
11 27
11 28
12 28
13 28
14 28
14 29
13 29
13 30
13 31
13 32
14 32
15 32
15 33
16 33
17 33
18 33
18 34
18 35
19 35
19 36
19 37
20 37
21 37
21 38
22 38
22 39
21 39
20 39
20 40
20 41
19 41
19 42
20 42
20 43
21 43
22 43
22 44
21 44
21 45
20 45
20 46
21 46
21 47
22 47
23 47
