PATH 248 124
0 0
0 1
0 2
1 2
1 1
1 0
2 0
3 0
3 1
4 1
4 2
4 3
3 3
3 4
2 4
2 5
2 6
2 7
2 8
1 8
1 9
1 10
1 11
1 12
2 12
2 13
2 14
3 14
4 14
4 15
4 16
4 17
4 18
4 19
3 19
3 20
3 21
2 21
2 22
3 22
4 22
4 21
4 20
5 20
5 19
6 19
7 19
8 19
9 19
9 20
9 21
9 22
8 22
8 21
7 21
7 22
7 23
7 24
7 25
6 25
5 25
4 25
3 25
2 25
1 25
1 26
1 27
1 28
1 29
2 29
3 29
4 29
4 30
5 30
6 30
6 29
6 28
7 28
8 28
9 28
10 28
11 28
11 29
12 29
12 28
13 28
13 29
13 30
14 30
15 30
15 29
15 28
16 28
16 27
17 27
18 27
19 27
20 27
21 27
21 28
22 28
22 27
23 27
23 28
23 29
23 30
23 31
24 31
24 30
25 30
26 30
26 31
26 32
26 33
26 34
27 34
28 34
29 34
30 34
30 35
30 36
31 36
31 35
32 35
32 34
31 34
31 33
32 33
33 33
33 32
33 31
33 30
34 30
35 30
36 30
36 31
37 31
37 30
37 29
38 29
39 29
39 30
40 30
41 30
41 31
42 31
42 32
43 32
43 33
44 33
45 33
45 32
46 32
46 31
47 31
48 31
49 31
49 32
49 33
48 33
48 34
48 35
48 36
49 36
49 37
50 37
51 37
51 36
52 36
52 37
53 37
54 37
54 36
55 36
55 37
56 37
57 37
58 37
58 36
59 36
60 36
60 37
61 37
61 38
62 38
63 38
64 38
64 39
65 39
65 40
65 41
64 41
63 41
62 41
61 41
60 41
59 41
59 42
59 43
59 44
59 45
59 46
60 46
61 46
61 47
61 48
61 49
61 50
60 50
59 50
59 51
59 52
59 53
59 54
59 55
60 55
60 56
61 56
62 56
62 57
62 58
63 58
63 59
64 59
65 59
66 59
66 58
66 57
67 57
68 57
69 57
70 57
71 57
71 58
72 58
72 57
73 57
74 57
75 57
76 57
77 57
77 56
78 56
78 55
79 55
79 54
79 53
79 52
79 51
79 50
79 49
79 48
80 48
80 49
81 49
81 48
82 48
82 47
83 47
83 46
84 46
85 46
85 45
86 45
86 44
86 43
87 43
87 42
88 42
89 42
90 42
90 41
91 41
92 41
93 41
93 42
94 42
94 43
94 44
94 45
95 45
95 46
95 47
95 48
96 48
97 48
97 47
98 47
99 47
100 47
100 46
100 45
100 44
101 44
102 44
103 44
104 44
104 43
105 43
106 43
107 43
108 43
108 44
107 44
106 44
106 45
107 45
108 45
109 45
109 46
109 47
109 48
109 49
108 49
108 50
109 50
109 51
110 51
110 52
110 53
109 53
109 54
109 55
109 56
109 57
109 58
110 58
111 58
111 59
111 60
111 61
110 61
110 60
109 60
109 61
109 62
109 63
109 64
109 65
109 66
109 67
110 67
111 67
111 68
111 69
112 69
112 70
113 70
114 70
115 70
116 70
117 70
117 71
118 71
118 70
119 70
119 69
119 68
120 68
121 68
122 68
122 69
122 70
123 70
123 69
124 69
124 70
125 70
125 69
126 69
126 70
127 70
127 71
127 72
128 72
129 72
129 71
130 71
131 71
131 72
131 73
131 74
130 74
129 74
129 75
129 76
129 77
129 78
129 79
129 80
129 81
128 81
127 81
127 82
126 82
126 83
125 83
124 83
123 83
123 82
122 82
121 82
120 82
120 81
119 81
119 82
119 83
119 84
120 84
120 85
120 86
121 86
122 86
122 87
123 87
123 88
123 89
123 90
123 91
122 91
122 92
122 93
123 93
123 94
123 95
124 95
124 96
125 96
125 95
125 94
126 94
126 95
127 95
127 96
128 96
128 97
128 98
127 98
127 99
128 99
128 100
129 100
130 100
130 101
131 101
131 102
131 103
132 103
132 102
133 102
133 103
134 103
134 102
135 102
135 101
134 101
134 100
134 99
134 98
134 97
133 97
133 96
134 96
135 96
136 96
137 96
138 96
138 97
139 97
140 97
140 98
141 98
142 98
142 99
142 100
142 101
143 101
144 101
144 100
145 100
145 101
146 101
146 102
145 102
145 103
145 104
144 104
144 105
144 106
145 106
145 107
146 107
146 108
146 109
147 109
148 109
149 109
149 108
150 108
150 107
150 106
150 105
150 104
149 104
149 103
150 103
150 102
151 102
151 101
151 100
150 100
149 100
149 99
149 98
149 97
150 97
150 96
151 96
151 95
151 94
151 93
151 92
151 91
152 91
153 91
154 91
155 91
155 90
155 89
155 88
156 88
156 87
156 86
157 86
158 86
158 85
159 85
159 86
159 87
160 87
160 88
160 89
161 89
161 88
162 88
163 88
164 88
165 88
166 88
167 88
168 88
168 89
169 89
169 90
170 90
170 89
171 89
172 89
172 88
173 88
173 87
173 86
172 86
171 86
171 87
171 88
170 88
170 87
169 87
169 86
168 86
168 85
168 84
168 83
168 82
168 81
168 80
168 79
169 79
169 80
169 81
170 81
171 81
172 81
173 81
174 81
174 80
175 80
175 79
176 79
176 78
175 78
174 78
173 78
172 78
171 78
171 77
171 76
171 75
170 75
169 75
168 75
168 74
168 73
168 72
169 72
170 72
170 71
171 71
172 71
173 71
174 71
174 70
174 69
174 68
174 67
174 66
173 66
173 65
173 64
172 64
171 64
171 65
170 65
169 65
169 64
168 64
167 64
167 65
167 66
166 66
166 65
166 64
166 63
166 62
165 62
165 61
164 61
163 61
162 61
162 60
162 59
161 59
161 58
161 57
162 57
162 56
162 55
163 55
163 54
163 53
164 53
164 52
164 51
164 50
164 49
165 49
166 49
166 48
166 47
165 47
165 46
164 46
164 45
164 44
165 44
166 44
167 44
168 44
168 45
169 45
169 44
170 44
171 44
171 45
172 45
173 45
173 46
174 46
175 46
175 47
176 47
176 46
177 46
178 46
178 45
178 44
178 43
178 42
179 42
180 42
180 41
181 41
182 41
182 42
182 43
182 44
182 45
182 46
183 46
184 46
185 46
185 45
185 44
185 43
185 42
186 42
187 42
188 42
189 42
190 42
190 43
191 43
191 44
190 44
190 45
190 46
190 47
190 48
191 48
192 48
193 48
193 49
193 50
193 51
194 51
194 52
193 52
193 53
193 54
194 54
194 55
194 56
193 56
193 57
193 58
193 59
193 60
192 60
192 61
193 61
194 61
194 62
194 63
195 63
196 63
196 64
195 64
195 65
194 65
194 66
195 66
196 66
196 67
196 68
196 69
197 69
197 68
198 68
198 67
199 67
200 67
200 68
200 69
200 70
199 70
198 70
198 71
198 72
197 72
197 73
198 73
198 74
197 74
197 75
198 75
198 76
198 77
198 78
197 78
197 79
196 79
195 79
195 80
195 81
195 82
195 83
195 84
195 85
196 85
196 86
197 86
197 87
197 88
197 89
197 90
196 90
196 91
196 92
197 92
197 93
198 93
199 93
199 92
199 91
200 91
200 90
200 89
200 88
201 88
202 88
203 88
204 88
204 87
204 86
205 86
205 87
205 88
205 89
206 89
207 89
208 89
209 89
209 90
210 90
211 90
211 89
212 89
213 89
213 90
213 91
214 91
215 91
215 90
216 90
217 90
218 90
218 91
218 92
219 92
220 92
221 92
221 93
222 93
223 93
223 92
224 92
224 93
225 93
226 93
226 94
225 94
225 95
225 96
225 97
225 98
226 98
226 99
226 100
227 100
228 100
228 101
228 102
227 102
227 103
228 103
228 104
227 104
226 104
226 105
225 105
224 105
224 106
223 106
222 106
222 107
222 108
223 108
223 109
223 110
224 110
225 110
226 110
227 110
227 111
228 111
228 110
229 110
229 109
230 109
231 109
232 109
233 109
234 109
234 110
235 110
236 110
237 110
237 111
237 112
237 113
237 114
237 115
237 116
238 116
239 116
240 116
241 116
242 116
242 115
243 115
244 115
245 115
246 115
246 116
245 116
245 117
245 118
245 119
244 119
244 120
244 121
243 121
243 122
243 123
244 123
245 123
246 123
247 123
