PATH 88 44
0 0
1 0
2 0
2 1
2 2
2 3
1 3
1 2
0 2
0 3
0 4
0 5
1 5
2 5
3 5
3 6
4 6
5 6
5 7
6 7
7 7
7 8
7 9
8 9
8 8
8 7
8 6
8 5
8 4
8 3
9 3
9 2
10 2
11 2
12 2
12 3
12 4
11 4
10 4
10 5
11 5
11 6
11 7
11 8
11 9
12 9
13 9
14 9
14 10
13 10
13 11
13 12
13 13
14 13
14 14
14 15
15 15
15 16
14 16
14 17
15 17
16 17
17 17
18 17
19 17
19 16
18 16
18 15
18 14
19 14
19 13
19 12
19 11
18 11
17 11
16 11
16 10
17 10
17 9
18 9
19 9
20 9
20 10
21 10
21 11
21 12
22 12
22 11
23 11
24 11
24 10
24 9
25 9
25 8
24 8
24 7
24 6
23 6
22 6
22 5
23 5
24 5
24 4
23 4
23 3
24 3
25 3
26 3
27 3
27 4
27 5
27 6
28 6
28 7
28 8
28 9
29 9
30 9
31 9
32 9
33 9
33 10
33 11
33 12
33 13
33 14
34 14
35 14
36 14
36 15
36 16
36 17
36 18
37 18
37 19
38 19
39 19
39 20
39 21
40 21
41 21
41 22
40 22
40 23
40 24
41 24
41 25
41 26
42 26
43 26
43 25
43 24
44 24
45 24
45 25
46 25
46 24
46 23
46 22
46 21
46 20
47 20
48 20
49 20
49 21
50 21
51 21
52 21
53 21
53 20
53 19
54 19
54 18
55 18
56 18
57 18
58 18
58 19
57 19
56 19
56 20
57 20
57 21
58 21
58 22
58 23
59 23
59 24
60 24
61 24
62 24
63 24
64 24
65 24
65 23
65 22
66 22
66 23
67 23
68 23
68 24
67 24
67 25
67 26
68 26
69 26
70 26
70 27
71 27
72 27
72 26
73 26
74 26
74 27
74 28
75 28
75 29
74 29
73 29
73 30
73 31
73 32
73 33
73 34
74 34
74 35
74 36
74 37
75 37
76 37
76 38
77 38
77 39
77 40
77 41
78 41
79 41
79 40
79 39
80 39
81 39
82 39
83 39
83 40
84 40
85 40
85 39
86 39
86 40
86 41
85 41
85 42
86 42
86 43
87 43
