PATH 408 204
0 0
0 1
0 2
0 3
1 3
2 3
3 3
3 4
4 4
5 4
6 4
7 4
8 4
9 4
9 3
9 2
9 1
9 0
10 0
11 0
11 1
12 1
13 1
13 2
13 3
14 3
15 3
16 3
17 3
17 2
17 1
18 1
18 2
18 3
18 4
18 5
17 5
16 5
15 5
15 6
14 6
13 6
12 6
12 7
12 8
13 8
13 9
14 9
14 8
15 8
16 8
16 9
17 9
18 9
18 10
19 10
19 11
20 11
21 11
21 12
22 12
22 13
23 13
24 13
24 14
23 14
23 15
22 15
22 16
21 16
21 17
21 18
21 19
20 19
20 20
20 21
21 21
21 22
20 22
20 23
20 24
20 25
20 26
20 27
19 27
19 28
18 28
17 28
16 28
16 29
16 30
17 30
17 29
18 29
18 30
19 30
20 30
20 31
20 32
21 32
22 32
23 32
24 32
25 32
25 31
26 31
27 31
27 32
28 32
28 33
29 33
30 33
30 34
30 35
30 36
30 37
31 37
32 37
32 38
31 38
31 39
32 39
33 39
33 38
34 38
34 39
35 39
36 39
37 39
38 39
38 38
38 37
39 37
40 37
41 37
41 36
42 36
42 35
42 34
41 34
41 33
41 32
42 32
43 32
43 31
44 31
45 31
46 31
46 30
47 30
48 30
48 29
49 29
50 29
51 29
52 29
52 28
51 28
51 27
52 27
53 27
54 27
55 27
55 28
56 28
56 27
57 27
58 27
59 27
59 28
59 29
60 29
60 30
60 31
60 32
60 33
60 34
61 34
62 34
62 35
62 36
62 37
61 37
61 38
61 39
60 39
60 40
59 40
59 41
59 42
60 42
60 43
59 43
58 43
58 44
59 44
59 45
58 45
58 46
58 47
57 47
57 48
58 48
59 48
59 47
60 47
61 47
61 46
61 45
61 44
62 44
63 44
63 43
63 42
64 42
64 41
65 41
65 40
66 40
67 40
67 39
68 39
68 40
69 40
70 40
70 41
71 41
72 41
73 41
73 42
73 43
73 44
72 44
72 45
73 45
73 46
73 47
74 47
74 48
75 48
76 48
76 47
77 47
78 47
78 46
78 45
77 45
77 44
77 43
77 42
78 42
79 42
80 42
80 41
80 40
80 39
81 39
81 38
81 37
82 37
83 37
83 36
83 35
83 34
83 33
83 32
84 32
84 33
85 33
85 34
86 34
87 34
87 35
87 36
87 37
88 37
89 37
90 37
90 38
90 39
90 40
89 40
89 41
89 42
90 42
91 42
91 43
90 43
90 44
89 44
89 45
89 46
89 47
90 47
91 47
92 47
92 48
93 48
93 49
93 50
94 50
95 50
95 49
96 49
97 49
98 49
99 49
100 49
100 50
101 50
101 51
101 52
101 53
102 53
103 53
104 53
105 53
105 52
106 52
106 53
107 53
107 52
108 52
109 52
109 53
110 53
111 53
111 52
111 51
112 51
112 52
112 53
112 54
111 54
111 55
110 55
109 55
109 56
109 57
109 58
109 59
108 59
107 59
106 59
106 58
105 58
105 57
104 57
104 56
103 56
103 55
102 55
102 56
102 57
102 58
103 58
103 59
104 59
104 60
104 61
104 62
105 62
106 62
106 63
106 64
105 64
105 65
106 65
107 65
107 64
107 63
108 63
108 64
109 64
110 64
110 63
111 63
112 63
112 62
113 62
113 63
113 64
113 65
113 66
114 66
115 66
115 65
116 65
116 66
116 67
116 68
115 68
115 69
115 70
115 71
116 71
116 72
116 73
117 73
117 72
118 72
118 71
119 71
119 70
120 70
121 70
121 71
121 72
121 73
120 73
120 74
121 74
121 75
121 76
121 77
121 78
120 78
119 78
119 79
119 80
120 80
120 79
121 79
122 79
123 79
124 79
125 79
125 78
124 78
124 77
124 76
125 76
126 76
126 77
126 78
126 79
127 79
128 79
128 78
128 77
129 77
129 76
129 75
129 74
130 74
130 73
131 73
132 73
133 73
134 73
135 73
136 73
137 73
137 74
136 74
136 75
136 76
136 77
137 77
137 78
138 78
139 78
140 78
140 79
141 79
141 80
140 80
140 81
140 82
140 83
140 84
140 85
140 86
139 86
139 87
140 87
141 87
141 88
141 89
141 90
141 91
140 91
139 91
139 90
138 90
138 91
137 91
136 91
136 92
135 92
134 92
134 93
134 94
134 95
134 96
134 97
134 98
133 98
133 97
132 97
132 96
131 96
130 96
129 96
129 97
128 97
128 98
128 99
129 99
129 100
129 101
130 101
130 102
130 103
131 103
132 103
133 103
133 104
133 105
133 106
133 107
133 108
134 108
134 109
135 109
136 109
137 109
138 109
138 108
139 108
140 108
140 109
141 109
142 109
143 109
143 110
143 111
142 111
141 111
141 112
140 112
140 113
140 114
140 115
140 116
141 116
141 117
141 118
141 119
142 119
143 119
143 120
143 121
142 121
142 122
143 122
144 122
144 121
145 121
145 120
146 120
146 121
146 122
145 122
145 123
144 123
144 124
144 125
145 125
146 125
146 126
147 126
148 126
149 126
149 127
149 128
148 128
148 129
147 129
146 129
145 129
144 129
143 129
142 129
142 130
142 131
142 132
143 132
143 133
144 133
144 134
144 135
144 136
144 137
144 138
143 138
143 139
143 140
144 140
145 140
145 141
145 142
145 143
144 143
144 144
143 144
143 145
143 146
143 147
144 147
144 148
144 149
145 149
146 149
147 149
148 149
148 150
148 151
147 151
147 152
146 152
145 152
145 153
145 154
145 155
144 155
144 156
144 157
145 157
146 157
146 158
147 158
148 158
149 158
149 157
149 156
149 155
149 154
149 153
149 152
150 152
151 152
152 152
153 152
154 152
154 153
154 154
155 154
155 153
156 153
156 154
157 154
157 155
158 155
159 155
160 155
160 154
160 153
161 153
162 153
162 152
162 151
161 151
161 150
162 150
163 150
164 150
165 150
166 150
166 151
166 152
166 153
167 153
167 154
167 155
166 155
165 155
165 156
165 157
164 157
164 158
165 158
166 158
166 159
166 160
167 160
167 161
168 161
169 161
169 162
170 162
170 161
170 160
170 159
171 159
172 159
172 158
173 158
174 158
174 157
175 157
175 158
175 159
176 159
176 158
176 157
176 156
177 156
177 157
178 157
179 157
180 157
181 157
181 156
182 156
183 156
184 156
184 157
184 158
183 158
183 159
183 160
182 160
181 160
181 161
180 161
180 162
180 163
180 164
181 164
182 164
182 163
182 162
183 162
184 162
184 161
185 161
186 161
187 161
188 161
188 162
189 162
190 162
190 163
191 163
192 163
193 163
193 164
194 164
195 164
196 164
197 164
198 164
198 163
199 163
199 164
200 164
200 165
199 165
199 166
200 166
201 166
202 166
202 167
201 167
201 168
202 168
202 169
203 169
204 169
205 169
205 170
206 170
206 171
207 171
207 170
208 170
208 171
209 171
209 172
209 173
210 173
211 173
212 173
213 173
213 174
214 174
214 175
215 175
216 175
216 174
217 174
218 174
219 174
220 174
221 174
221 173
221 172
220 172
220 171
220 170
220 169
220 168
221 168
221 167
221 166
220 166
220 165
221 165
222 165
222 164
221 164
220 164
219 164
219 163
218 163
217 163
217 162
216 162
215 162
215 161
216 161
216 160
217 160
218 160
219 160
219 159
219 158
220 158
220 157
219 157
218 157
218 158
218 159
217 159
216 159
215 159
214 159
213 159
212 159
212 158
211 158
211 157
212 157
213 157
213 156
213 155
212 155
211 155
210 155
209 155
209 154
209 153
210 153
210 152
211 152
211 153
212 153
212 152
212 151
212 150
212 149
212 148
211 148
211 147
210 147
210 146
210 145
211 145
212 145
213 145
213 144
214 144
215 144
216 144
216 143
216 142
215 142
214 142
214 141
214 140
213 140
213 141
212 141
212 140
211 140
211 139
211 138
211 137
211 136
212 136
213 136
214 136
215 136
215 135
215 134
214 134
214 133
213 133
213 134
212 134
212 133
211 133
211 132
211 131
212 131
212 130
211 130
210 130
210 131
209 131
208 131
207 131
207 132
208 132
209 132
210 132
210 133
209 133
208 133
207 133
206 133
205 133
204 133
203 133
202 133
201 133
201 132
202 132
203 132
203 131
204 131
204 130
205 130
205 129
205 128
205 127
205 126
206 126
207 126
207 125
208 125
208 124
208 123
208 122
209 122
209 121
210 121
211 121
211 122
212 122
212 123
213 123
213 122
213 121
214 121
214 120
215 120
215 119
215 118
215 117
216 117
217 117
218 117
219 117
219 118
219 119
220 119
220 118
221 118
222 118
223 118
223 119
223 120
224 120
225 120
225 119
226 119
226 118
227 118
228 118
228 117
229 117
229 116
230 116
231 116
232 116
232 115
232 114
233 114
233 113
233 112
232 112
231 112
231 111
230 111
229 111
228 111
227 111
226 111
226 112
225 112
225 111
225 110
225 109
225 108
224 108
223 108
223 107
223 106
222 106
221 106
220 106
219 106
219 107
218 107
217 107
216 107
216 108
216 109
215 109
214 109
214 108
213 108
212 108
212 109
211 109
211 110
210 110
210 109
210 108
209 108
209 107
209 106
208 106
207 106
206 106
205 106
204 106
203 106
203 105
203 104
202 104
201 104
200 104
200 103
201 103
201 102
200 102
199 102
199 101
198 101
198 102
198 103
198 104
197 104
197 103
196 103
196 102
196 101
195 101
194 101
194 100
193 100
192 100
192 99
192 98
192 97
192 96
192 95
192 94
192 93
192 92
191 92
191 91
190 91
189 91
189 90
189 89
188 89
188 88
188 87
187 87
187 86
187 85
188 85
189 85
190 85
191 85
191 84
191 83
191 82
190 82
189 82
188 82
187 82
187 81
186 81
185 81
185 80
185 79
185 78
185 77
186 77
186 76
187 76
188 76
188 75
189 75
190 75
190 74
191 74
192 74
192 75
192 76
193 76
193 77
193 78
193 79
193 80
194 80
195 80
195 81
196 81
196 82
197 82
198 82
198 83
199 83
199 84
198 84
197 84
197 85
198 85
198 86
199 86
200 86
201 86
201 87
202 87
202 86
203 86
203 85
203 84
204 84
204 83
204 82
205 82
206 82
206 81
206 80
205 80
205 79
205 78
206 78
207 78
208 78
208 79
208 80
209 80
209 79
210 79
210 80
211 80
211 79
212 79
213 79
213 80
213 81
214 81
215 81
215 80
215 79
215 78
216 78
216 79
216 80
217 80
217 81
218 81
218 80
218 79
218 78
218 77
219 77
219 76
218 76
218 75
218 74
219 74
220 74
221 74
221 73
222 73
223 73
223 74
223 75
224 75
224 74
225 74
226 74
227 74
228 74
228 73
228 72
227 72
226 72
226 71
227 71
228 71
229 71
229 72
230 72
230 71
230 70
230 69
229 69
229 68
228 68
227 68
226 68
226 67
225 67
225 66
224 66
223 66
222 66
222 65
221 65
221 64
221 63
220 63
219 63
219 62
220 62
221 62
221 61
220 61
219 61
219 60
220 60
221 60
222 60
222 59
222 58
223 58
224 58
225 58
226 58
227 58
228 58
228 59
229 59
229 60
229 61
229 62
230 62
231 62
232 62
233 62
234 62
234 61
233 61
233 60
232 60
232 59
232 58
233 58
234 58
235 58
236 58
237 58
238 58
238 57
239 57
240 57
241 57
241 58
242 58
243 58
243 57
244 57
245 57
245 58
246 58
246 59
246 60
245 60
245 61
245 62
245 63
244 63
244 64
243 64
243 65
243 66
243 67
243 68
243 69
243 70
244 70
244 71
243 71
243 72
242 72
242 73
241 73
241 74
240 74
240 75
240 76
240 77
240 78
239 78
238 78
237 78
237 77
237 76
237 75
237 74
236 74
236 75
236 76
235 76
235 77
236 77
236 78
235 78
234 78
234 79
234 80
234 81
235 81
235 82
235 83
236 83
236 84
237 84
238 84
239 84
239 85
240 85
240 86
241 86
241 87
241 88
242 88
243 88
243 89
243 90
242 90
242 91
243 91
244 91
244 92
245 92
246 92
246 93
245 93
245 94
245 95
246 95
247 95
248 95
249 95
250 95
250 96
250 97
251 97
252 97
253 97
253 98
252 98
252 99
252 100
253 100
253 99
254 99
255 99
256 99
256 98
257 98
258 98
259 98
259 99
260 99
260 100
261 100
262 100
263 100
264 100
264 101
265 101
265 102
264 102
264 103
264 104
264 105
263 105
262 105
262 106
262 107
263 107
263 108
264 108
265 108
266 108
267 108
267 107
268 107
268 108
269 108
270 108
271 108
271 107
272 107
273 107
273 108
274 108
274 107
274 106
275 106
276 106
277 106
277 107
277 108
278 108
278 109
279 109
280 109
280 108
280 107
281 107
282 107
283 107
284 107
284 108
284 109
284 110
284 111
285 111
285 112
285 113
285 114
285 115
285 116
285 117
284 117
283 117
282 117
282 118
281 118
281 119
281 120
281 121
281 122
280 122
280 123
280 124
281 124
282 124
282 123
282 122
283 122
284 122
284 123
285 123
286 123
287 123
287 124
288 124
289 124
289 123
289 122
290 122
290 121
291 121
291 122
291 123
291 124
292 124
293 124
293 125
294 125
294 126
294 127
294 128
295 128
296 128
296 127
297 127
298 127
298 126
298 125
299 125
300 125
300 126
300 127
300 128
301 128
301 127
302 127
303 127
304 127
305 127
305 128
305 129
304 129
304 130
304 131
305 131
305 132
306 132
307 132
308 132
308 133
308 134
309 134
309 135
310 135
311 135
311 136
310 136
309 136
309 137
310 137
310 138
311 138
311 139
312 139
313 139
313 138
313 137
314 137
315 137
316 137
316 136
316 135
316 134
316 133
317 133
318 133
319 133
320 133
321 133
321 134
321 135
322 135
323 135
324 135
325 135
325 134
325 133
325 132
324 132
324 131
325 131
325 130
325 129
325 128
326 128
327 128
328 128
329 128
330 128
330 129
330 130
330 131
330 132
330 133
331 133
331 134
332 134
333 134
334 134
334 133
335 133
335 132
336 132
336 131
335 131
334 131
334 130
333 130
333 129
333 128
334 128
334 127
334 126
335 126
335 125
335 124
335 123
336 123
337 123
337 122
336 122
336 121
337 121
337 120
338 120
339 120
339 119
340 119
341 119
342 119
343 119
344 119
344 118
345 118
345 119
345 120
346 120
347 120
348 120
348 121
349 121
349 122
349 123
350 123
350 124
350 125
351 125
351 126
352 126
353 126
354 126
354 125
354 124
355 124
356 124
356 125
356 126
355 126
355 127
356 127
357 127
357 128
356 128
355 128
355 129
355 130
356 130
356 131
355 131
355 132
354 132
354 133
353 133
352 133
352 134
353 134
354 134
354 135
354 136
355 136
356 136
356 137
357 137
358 137
359 137
359 136
360 136
361 136
362 136
363 136
363 137
364 137
365 137
365 138
366 138
366 137
367 137
367 136
368 136
369 136
369 137
369 138
369 139
369 140
370 140
370 141
370 142
371 142
372 142
373 142
373 143
374 143
375 143
375 144
376 144
376 145
376 146
377 146
378 146
378 147
379 147
379 148
379 149
379 150
379 151
380 151
380 152
380 153
380 154
380 155
380 156
381 156
381 157
382 157
382 156
383 156
383 155
383 154
384 154
384 153
385 153
386 153
386 152
387 152
388 152
388 153
388 154
387 154
387 155
387 156
388 156
389 156
389 157
390 157
390 158
390 159
390 160
390 161
389 161
389 162
389 163
389 164
389 165
388 165
388 166
389 166
390 166
390 165
391 165
392 165
393 165
393 164
394 164
394 165
395 165
396 165
396 166
397 166
397 165
398 165
399 165
399 166
400 166
401 166
401 167
401 168
401 169
400 169
400 170
400 171
400 172
400 173
399 173
399 174
398 174
398 175
398 176
397 176
397 177
398 177
398 178
398 179
397 179
397 180
396 180
396 181
395 181
394 181
394 182
395 182
396 182
396 183
395 183
394 183
394 184
395 184
395 185
395 186
396 186
396 187
395 187
395 188
396 188
396 189
396 190
397 190
397 191
398 191
399 191
399 192
399 193
399 194
400 194
400 195
400 196
400 197
400 198
401 198
401 199
401 200
402 200
402 201
403 201
404 201
405 201
405 202
406 202
407 202
407 203
