PATH 104 208
0 0
1 0
1 1
1 2
2 2
3 2
4 2
5 2
5 3
6 3
7 3
8 3
8 4
8 5
8 6
7 6
7 7
6 7
6 8
5 8
4 8
4 9
3 9
3 10
2 10
2 11
2 12
2 13
3 13
3 14
4 14
5 14
5 15
6 15
6 16
6 17
5 17
5 18
5 19
6 19
7 19
8 19
8 20
8 21
8 22
9 22
10 22
10 21
11 21
11 22
11 23
12 23
13 23
13 24
14 24
14 23
15 23
15 24
15 25
15 26
15 27
16 27
17 27
17 28
16 28
15 28
15 29
15 30
15 31
15 32
15 33
14 33
14 34
14 35
13 35
12 35
12 36
12 37
12 38
12 39
11 39
10 39
10 40
9 40
9 41
8 41
8 42
8 43
8 44
8 45
9 45
10 45
11 45
11 46
10 46
10 47
11 47
11 48
12 48
13 48
13 49
14 49
14 50
14 51
13 51
13 52
12 52
12 53
11 53
11 54
10 54
10 55
10 56
10 57
9 57
9 58
8 58
7 58
6 58
6 59
6 60
6 61
6 62
5 62
5 63
6 63
7 63
8 63
9 63
10 63
11 63
11 64
11 65
11 66
11 67
12 67
13 67
14 67
15 67
16 67
16 68
17 68
18 68
19 68
19 69
20 69
20 70
19 70
18 70
18 71
18 72
18 73
17 73
17 74
17 75
16 75
15 75
14 75
13 75
13 74
13 73
13 72
12 72
11 72
11 71
11 70
10 70
9 70
8 70
8 71
7 71
6 71
6 72
6 73
6 74
6 75
6 76
7 76
8 76
8 77
9 77
9 78
8 78
8 79
8 80
8 81
9 81
10 81
10 82
10 83
11 83
12 83
12 84
12 85
11 85
10 85
10 86
9 86
8 86
7 86
7 87
7 88
6 88
5 88
5 89
6 89
6 90
5 90
5 91
5 92
6 92
7 92
8 92
8 93
9 93
9 94
8 94
8 95
7 95
7 96
7 97
8 97
8 96
9 96
9 97
10 97
11 97
11 98
11 99
12 99
13 99
14 99
14 100
14 101
15 101
15 100
15 99
15 98
16 98
16 99
16 100
16 101
16 102
16 103
17 103
18 103
19 103
20 103
20 102
21 102
21 103
21 104
20 104
20 105
19 105
18 105
17 105
17 106
17 107
17 108
17 109
18 109
19 109
19 110
18 110
18 111
19 111
19 112
19 113
19 114
19 115
18 115
18 116
17 116
17 117
16 117
15 117
14 117
14 116
13 116
13 117
12 117
11 117
10 117
10 118
10 119
10 120
10 121
10 122
9 122
8 122
8 123
9 123
9 124
9 125
10 125
10 126
9 126
9 127
10 127
11 127
11 128
11 129
12 129
12 130
12 131
13 131
14 131
15 131
16 131
17 131
18 131
18 130
19 130
20 130
20 131
20 132
20 133
21 133
21 134
22 134
23 134
23 135
23 136
23 137
23 138
23 139
23 140
24 140
25 140
25 139
25 138
26 138
26 139
26 140
26 141
25 141
25 142
25 143
26 143
27 143
27 144
27 145
27 146
26 146
26 145
26 144
25 144
24 144
24 145
24 146
24 147
24 148
24 149
24 150
23 150
23 151
23 152
24 152
24 153
24 154
25 154
25 153
25 152
25 151
26 151
26 152
26 153
27 153
27 154
28 154
29 154
29 153
29 152
30 152
30 151
31 151
32 151
32 150
33 150
34 150
35 150
35 149
36 149
36 148
36 147
37 147
38 147
38 148
39 148
39 149
39 150
40 150
40 149
41 149
41 150
41 151
41 152
40 152
40 153
39 153
39 154
38 154
37 154
37 155
38 155
39 155
40 155
41 155
41 156
42 156
43 156
43 157
42 157
42 158
41 158
41 159
40 159
40 160
40 161
40 162
40 163
40 164
40 165
40 166
40 167
39 167
38 167
38 168
37 168
36 168
36 169
37 169
37 170
38 170
39 170
39 171
39 172
40 172
41 172
41 171
42 171
42 170
43 170
43 169
43 168
44 168
45 168
46 168
46 169
47 169
48 169
49 169
49 168
50 168
50 167
50 166
51 166
52 166
52 165
53 165
54 165
55 165
55 164
54 164
54 163
55 163
56 163
56 162
57 162
57 161
57 160
58 160
59 160
59 159
59 158
59 157
59 156
58 156
58 155
58 154
59 154
60 154
61 154
61 153
62 153
62 152
63 152
63 153
64 153
65 153
65 152
66 152
66 153
67 153
67 154
67 155
68 155
69 155
69 156
69 157
69 158
70 158
71 158
71 159
70 159
69 159
68 159
67 159
67 160
67 161
66 161
66 162
65 162
65 163
65 164
65 165
66 165
67 165
67 166
68 166
68 167
68 168
68 169
68 170
68 171
68 172
68 173
69 173
70 173
71 173
72 173
72 174
72 175
73 175
74 175
75 175
75 176
75 177
75 178
75 179
75 180
76 180
77 180
77 181
77 182
77 183
78 183
78 184
79 184
79 185
78 185
78 186
79 186
79 187
80 187
80 186
81 186
81 187
81 188
81 189
82 189
83 189
83 190
83 191
83 192
82 192
81 192
81 193
82 193
82 194
83 194
84 194
85 194
85 195
84 195
84 196
85 196
86 196
87 196
87 197
86 197
86 198
87 198
88 198
88 197
89 197
90 197
90 198
90 199
89 199
89 200
90 200
90 201
90 202
89 202
89 203
90 203
91 203
91 204
92 204
93 204
94 204
95 204
96 204
96 203
96 202
96 201
95 201
95 200
95 199
96 199
96 200
97 200
98 200
99 200
100 200
100 201
101 201
101 202
101 203
100 203
99 203
99 204
100 204
101 204
102 204
102 205
102 206
103 206
103 207
