PATH 144 288
0 0
1 0
2 0
2 1
2 2
2 3
2 4
3 4
3 5
4 5
4 6
4 7
5 7
5 8
5 9
5 10
6 10
6 11
6 12
7 12
8 12
8 13
7 13
7 14
6 14
6 15
7 15
7 16
8 16
8 17
7 17
7 18
7 19
8 19
9 19
10 19
10 20
11 20
12 20
13 20
13 21
14 21
15 21
15 20
15 19
15 18
16 18
16 19
17 19
17 20
18 20
19 20
20 20
21 20
22 20
23 20
23 19
24 19
25 19
26 19
26 18
27 18
28 18
28 17
29 17
30 17
30 18
31 18
32 18
32 19
33 19
33 18
33 17
34 17
35 17
35 16
36 16
37 16
38 16
38 17
39 17
40 17
40 18
41 18
41 19
42 19
43 19
43 20
43 21
43 22
44 22
45 22
46 22
47 22
47 23
46 23
45 23
45 24
45 25
45 26
44 26
43 26
42 26
41 26
41 27
40 27
40 28
39 28
39 27
38 27
37 27
36 27
36 28
36 29
36 30
35 30
35 31
35 32
36 32
36 33
37 33
38 33
38 34
38 35
38 36
38 37
38 38
38 39
39 39
40 39
41 39
41 40
42 40
43 40
43 41
43 42
43 43
43 44
43 45
43 46
42 46
41 46
40 46
40 47
41 47
42 47
42 48
42 49
42 50
43 50
43 51
44 51
44 52
44 53
45 53
45 52
46 52
47 52
48 52
48 53
48 54
48 55
47 55
47 56
46 56
46 55
45 55
44 55
43 55
42 55
41 55
41 56
41 57
40 57
40 58
40 59
40 60
40 61
41 61
42 61
43 61
43 62
43 63
43 64
44 64
45 64
45 65
46 65
46 66
47 66
47 67
48 67
49 67
50 67
50 66
50 65
50 64
51 64
51 65
51 66
52 66
53 66
53 67
53 68
53 69
54 69
54 70
55 70
55 71
56 71
57 71
58 71
58 72
58 73
59 73
60 73
60 74
61 74
62 74
62 75
62 76
63 76
64 76
65 76
65 75
66 75
66 74
66 73
67 73
67 74
68 74
69 74
69 75
69 76
68 76
68 77
69 77
70 77
71 77
72 77
73 77
73 76
74 76
74 77
75 77
76 77
76 76
75 76
75 75
75 74
76 74
77 74
78 74
78 75
78 76
79 76
80 76
81 76
81 75
82 75
83 75
83 74
84 74
84 75
84 76
85 76
85 77
85 78
85 79
84 79
84 78
83 78
83 79
83 80
83 81
82 81
81 81
81 80
80 80
80 79
79 79
79 80
78 80
77 80
77 81
77 82
77 83
77 84
77 85
77 86
77 87
78 87
78 88
78 89
78 90
79 90
80 90
81 90
82 90
82 91
82 92
82 93
83 93
84 93
84 94
84 95
84 96
84 97
84 98
84 99
85 99
85 100
86 100
87 100
87 101
86 101
85 101
85 102
86 102
87 102
87 103
87 104
87 105
86 105
86 106
86 107
86 108
85 108
85 109
86 109
87 109
87 110
87 111
87 112
87 113
88 113
88 114
88 115
88 116
88 117
89 117
89 118
90 118
90 119
90 120
91 120
92 120
93 120
94 120
95 120
95 121
96 121
96 122
96 123
96 124
96 125
96 126
96 127
96 128
96 129
97 129
98 129
98 130
98 131
99 131
99 130
100 130
100 131
100 132
99 132
98 132
97 132
97 133
98 133
98 134
98 135
98 136
99 136
99 137
99 138
98 138
97 138
96 138
95 138
95 137
94 137
93 137
92 137
92 138
92 139
91 139
91 140
91 141
92 141
92 142
92 143
93 143
93 144
94 144
94 145
94 146
94 147
95 147
95 148
96 148
97 148
97 149
98 149
99 149
99 148
100 148
100 149
101 149
101 150
102 150
102 151
102 152
102 153
101 153
100 153
100 154
101 154
101 155
101 156
100 156
100 155
99 155
99 156
99 157
99 158
98 158
98 159
98 160
97 160
96 160
95 160
94 160
94 159
93 159
93 160
92 160
92 161
92 162
91 162
91 163
90 163
90 164
89 164
89 165
89 166
89 167
88 167
88 168
87 168
87 169
86 169
86 168
85 168
84 168
84 169
83 169
83 168
83 167
83 166
84 166
85 166
86 166
86 165
86 164
86 163
85 163
84 163
83 163
82 163
82 164
82 165
81 165
80 165
79 165
79 164
79 163
78 163
77 163
77 164
78 164
78 165
77 165
77 166
77 167
76 167
76 168
76 169
76 170
77 170
77 171
77 172
77 173
76 173
76 174
76 175
76 176
77 176
77 177
77 178
76 178
75 178
75 179
75 180
76 180
76 181
76 182
76 183
77 183
78 183
79 183
80 183
80 184
79 184
78 184
78 185
77 185
77 186
77 187
76 187
75 187
74 187
74 188
74 189
73 189
73 190
72 190
72 191
73 191
73 192
74 192
74 193
74 194
74 195
74 196
74 197
73 197
72 197
72 196
71 196
70 196
69 196
68 196
68 197
67 197
66 197
65 197
65 198
65 199
65 200
66 200
66 201
65 201
64 201
64 200
64 199
63 199
62 199
62 198
62 197
63 197
63 196
63 195
63 194
63 193
63 192
63 191
62 191
61 191
60 191
60 190
59 190
58 190
57 190
57 191
56 191
56 192
55 192
55 193
55 194
55 195
54 195
53 195
52 195
52 194
51 194
50 194
50 193
49 193
48 193
48 194
48 195
48 196
48 197
48 198
48 199
48 200
47 200
47 201
47 202
47 203
47 204
47 205
48 205
49 205
49 206
50 206
50 207
51 207
51 208
52 208
52 209
52 210
51 210
51 211
52 211
52 212
52 213
52 214
52 215
52 216
52 217
52 218
53 218
53 219
54 219
54 220
54 221
53 221
53 222
53 223
53 224
52 224
52 225
53 225
54 225
54 226
53 226
53 227
53 228
53 229
54 229
54 230
53 230
52 230
52 231
51 231
51 230
50 230
50 231
50 232
50 233
49 233
48 233
47 233
47 234
47 235
47 236
47 237
47 238
46 238
45 238
44 238
44 239
44 240
45 240
46 240
47 240
47 241
47 242
46 242
46 243
45 243
44 243
44 244
44 245
45 245
45 246
46 246
47 246
47 247
47 248
48 248
49 248
49 247
50 247
51 247
52 247
53 247
54 247
54 248
54 249
54 250
53 250
53 251
54 251
55 251
55 252
55 253
54 253
54 254
55 254
56 254
56 255
56 256
57 256
57 257
57 258
58 258
58 257
59 257
59 258
60 258
60 259
61 259
62 259
63 259
63 260
63 261
63 262
64 262
65 262
66 262
67 262
67 261
68 261
69 261
69 262
70 262
70 261
71 261
72 261
72 260
73 260
73 261
74 261
75 261
75 260
74 260
74 259
75 259
75 258
75 257
76 257
76 256
77 256
78 256
78 255
78 254
78 253
77 253
76 253
76 252
75 252
74 252
74 253
73 253
72 253
71 253
71 252
71 251
71 250
70 250
69 250
68 250
67 250
67 249
67 248
66 248
66 247
66 246
66 245
66 244
67 244
67 243
68 243
68 242
69 242
69 241
69 240
69 239
70 239
70 238
71 238
72 238
73 238
74 238
74 237
75 237
75 236
76 236
76 235
76 234
77 234
78 234
79 234
80 234
80 233
79 233
78 233
77 233
77 232
77 231
77 230
78 230
78 229
79 229
80 229
80 228
80 227
80 226
79 226
79 225
79 224
80 224
80 223
81 223
81 222
82 222
82 223
82 224
83 224
83 223
84 223
85 223
85 222
85 221
85 220
86 220
86 221
86 222
87 222
88 222
88 223
89 223
89 224
89 225
88 225
87 225
87 226
87 227
88 227
88 228
89 228
89 227
90 227
91 227
92 227
92 228
93 228
94 228
94 229
94 230
93 230
93 231
92 231
92 232
92 233
93 233
93 234
94 234
94 235
94 236
95 236
95 235
96 235
96 236
96 237
97 237
98 237
99 237
99 236
100 236
101 236
101 235
102 235
102 234
102 233
102 232
103 232
103 233
103 234
103 235
104 235
105 235
106 235
106 234
107 234
107 233
108 233
109 233
109 234
110 234
111 234
111 235
111 236
110 236
110 237
110 238
110 239
110 240
110 241
110 242
111 242
112 242
112 243
112 244
113 244
113 245
113 246
113 247
113 248
114 248
115 248
115 247
115 246
116 246
117 246
117 245
117 244
117 243
118 243
118 242
119 242
119 241
120 241
120 242
121 242
121 243
121 244
121 245
120 245
120 246
120 247
120 248
121 248
121 249
120 249
119 249
119 250
119 251
119 252
120 252
121 252
121 253
121 254
122 254
123 254
124 254
124 253
125 253
126 253
126 254
126 255
126 256
126 257
125 257
124 257
123 257
123 258
123 259
122 259
122 260
121 260
120 260
120 261
119 261
118 261
117 261
117 262
117 263
117 264
116 264
116 265
115 265
115 264
114 264
114 265
114 266
114 267
115 267
116 267
117 267
117 268
118 268
119 268
119 267
120 267
121 267
121 268
122 268
122 269
122 270
122 271
123 271
124 271
125 271
125 270
126 270
127 270
127 269
128 269
129 269
129 270
129 271
128 271
128 272
129 272
130 272
131 272
132 272
132 273
133 273
133 274
134 274
134 275
135 275
135 276
134 276
133 276
133 277
134 277
135 277
135 278
135 279
134 279
133 279
132 279
132 280
132 281
133 281
133 280
134 280
134 281
135 281
135 282
135 283
136 283
137 283
138 283
138 284
139 284
140 284
141 284
141 285
142 285
142 286
142 287
143 287
