PATH 64 128
0 0
0 1
1 1
1 0
2 0
3 0
3 1
2 1
2 2
3 2
3 3
4 3
4 4
3 4
2 4
2 5
2 6
1 6
1 7
2 7
2 8
1 8
1 9
1 10
2 10
3 10
4 10
5 10
6 10
6 9
7 9
8 9
8 10
7 10
7 11
7 12
8 12
8 13
7 13
6 13
5 13
4 13
4 14
4 15
3 15
3 16
3 17
2 17
2 18
1 18
0 18
0 19
0 20
0 21
1 21
1 20
2 20
3 20
3 21
3 22
4 22
5 22
6 22
7 22
7 23
8 23
9 23
10 23
10 24
10 25
11 25
11 26
12 26
13 26
14 26
14 27
14 28
15 28
16 28
17 28
17 29
18 29
19 29
19 30
20 30
20 31
20 32
20 33
20 34
20 35
21 35
21 36
20 36
19 36
19 37
20 37
21 37
21 38
21 39
21 40
22 40
22 41
23 41
23 42
24 42
24 43
25 43
26 43
26 44
26 45
26 46
26 47
27 47
27 48
27 49
26 49
26 50
25 50
24 50
24 51
23 51
23 52
24 52
24 53
23 53
23 54
22 54
22 55
22 56
21 56
20 56
20 57
19 57
19 58
18 58
17 58
17 57
16 57
15 57
15 56
14 56
13 56
13 57
14 57
14 58
15 58
15 59
14 59
14 60
14 61
14 62
15 62
15 63
15 64
15 65
15 66
16 66
16 67
16 68
16 69
15 69
15 70
14 70
13 70
13 71
14 71
15 71
15 72
15 73
14 73
13 73
12 73
12 74
12 75
13 75
13 76
14 76
15 76
15 77
15 78
15 79
15 80
15 81
15 82
16 82
16 83
16 84
16 85
16 86
17 86
17 87
16 87
15 87
14 87
14 88
13 88
13 89
12 89
12 90
12 91
11 91
11 90
10 90
9 90
8 90
7 90
7 91
6 91
6 92
7 92
8 92
8 93
7 93
7 94
6 94
5 94
4 94
3 94
2 94
2 95
2 96
2 97
3 97
4 97
4 96
5 96
6 96
6 97
6 98
7 98
8 98
8 99
8 100
7 100
7 101
6 101
6 102
5 102
5 103
4 103
3 103
3 102
2 102
1 102
0 102
0 103
0 104
1 104
1 105
1 106
1 107
1 108
2 108
2 107
3 107
4 107
5 107
6 107
7 107
8 107
9 107
10 107
11 107
11 108
12 108
13 108
13 107
13 106
13 105
14 105
14 106
14 107
15 107
16 107
17 107
18 107
19 107
20 107
21 107
21 108
21 109
21 110
22 110
23 110
23 111
23 112
22 112
22 113
23 113
23 114
23 115
23 116
23 117
24 117
25 117
26 117
27 117
27 118
26 118
26 119
27 119
28 119
29 119
29 120
30 120
31 120
31 121
31 122
30 122
30 123
30 124
30 125
30 126
31 126
32 126
33 126
33 125
34 125
35 125
35 126
36 126
36 127
37 127
38 127
39 127
40 127
40 126
40 125
41 125
41 124
42 124
42 123
42 122
43 122
43 121
43 120
43 119
44 119
44 118
44 117
43 117
42 117
41 117
41 116
42 116
42 115
42 114
42 113
43 113
43 114
44 114
44 115
45 115
46 115
47 115
48 115
49 115
50 115
50 114
50 113
51 113
52 113
53 113
53 112
53 111
52 111
52 110
53 110
54 110
55 110
55 111
56 111
57 111
57 112
57 113
57 114
58 114
59 114
59 115
59 116
60 116
60 117
60 118
61 118
61 119
61 120
61 121
62 121
63 121
63 122
62 122
62 123
63 123
63 124
62 124
62 125
62 126
62 127
63 127
