PATH 168 84
0 0
1 0
1 1
2 1
2 0
3 0
4 0
5 0
5 1
5 2
4 2
4 3
5 3
5 4
6 4
6 3
7 3
8 3
8 4
9 4
9 3
10 3
10 4
11 4
11 3
12 3
13 3
13 2
14 2
15 2
15 3
16 3
16 4
16 5
16 6
16 7
17 7
17 8
18 8
19 8
19 9
20 9
21 9
22 9
22 8
23 8
23 9
24 9
24 10
25 10
25 9
25 8
26 8
26 9
27 9
27 10
28 10
29 10
30 10
31 10
31 9
30 9
30 8
31 8
31 7
30 7
30 6
30 5
31 5
31 6
32 6
33 6
33 5
34 5
34 4
35 4
36 4
37 4
37 3
38 3
39 3
39 2
40 2
40 1
41 1
41 0
42 0
42 1
43 1
44 1
45 1
46 1
46 0
47 0
47 1
47 2
47 3
48 3
48 4
47 4
47 5
47 6
47 7
47 8
48 8
48 7
48 6
48 5
49 5
49 4
50 4
51 4
51 3
51 2
52 2
52 3
52 4
53 4
54 4
54 5
54 6
55 6
55 5
55 4
56 4
56 3
56 2
57 2
57 3
57 4
58 4
59 4
60 4
60 5
61 5
61 6
61 7
61 8
61 9
61 10
62 10
62 11
62 12
63 12
63 13
64 13
64 14
65 14
66 14
67 14
67 13
68 13
68 12
69 12
70 12
70 13
71 13
71 14
72 14
72 15
73 15
74 15
74 16
74 17
75 17
75 18
74 18
73 18
72 18
72 19
72 20
73 20
73 21
73 22
74 22
74 23
74 24
74 25
75 25
75 26
75 27
76 27
77 27
77 28
78 28
79 28
80 28
80 29
80 30
81 30
81 31
82 31
83 31
83 30
84 30
84 31
85 31
85 32
84 32
84 33
85 33
85 34
86 34
87 34
87 35
88 35
89 35
90 35
91 35
91 36
92 36
92 37
93 37
93 38
93 39
92 39
92 40
91 40
91 41
91 42
92 42
92 41
93 41
94 41
95 41
95 42
95 43
95 44
94 44
93 44
93 45
94 45
94 46
94 47
95 47
95 46
96 46
96 45
97 45
98 45
98 44
99 44
99 45
100 45
101 45
102 45
102 46
102 47
103 47
104 47
105 47
106 47
106 46
106 45
106 44
106 43
107 43
108 43
109 43
110 43
110 42
110 41
110 40
109 40
109 39
108 39
108 38
109 38
110 38
111 38
111 37
112 37
112 36
112 35
112 34
112 33
113 33
114 33
114 32
115 32
116 32
117 32
117 33
117 34
118 34
118 33
118 32
118 31
119 31
119 30
120 30
120 31
121 31
122 31
122 32
123 32
124 32
125 32
125 31
126 31
127 31
127 32
127 33
126 33
126 34
125 34
125 35
124 35
123 35
122 35
122 36
123 36
123 37
124 37
125 37
126 37
126 38
127 38
128 38
128 37
128 36
128 35
129 35
130 35
130 36
130 37
131 37
131 38
132 38
132 37
132 36
133 36
133 35
133 34
134 34
134 35
135 35
135 34
136 34
137 34
138 34
139 34
139 35
140 35
140 36
140 37
141 37
142 37
143 37
143 38
144 38
145 38
145 39
145 40
145 41
145 42
145 43
146 43
146 44
147 44
147 45
148 45
148 46
148 47
148 48
148 49
149 49
149 50
150 50
150 51
150 52
150 53
150 54
151 54
151 55
152 55
152 56
153 56
154 56
154 57
155 57
156 57
156 56
156 55
157 55
158 55
159 55
159 56
160 56
160 55
161 55
162 55
163 55
163 56
164 56
164 57
163 57
163 58
163 59
163 60
163 61
162 61
162 60
161 60
161 59
160 59
159 59
158 59
157 59
157 60
158 60
158 61
159 61
159 62
159 63
159 64
159 65
158 65
158 66
158 67
157 67
157 68
157 69
157 70
156 70
155 70
155 71
154 71
154 72
155 72
155 73
154 73
154 74
153 74
153 75
153 76
153 77
153 78
153 79
154 79
154 80
154 81
155 81
156 81
156 82
156 83
157 83
158 83
159 83
159 82
159 81
160 81
161 81
161 80
162 80
163 80
164 80
164 79
165 79
165 80
165 81
166 81
166 80
167 80
167 81
167 82
167 83
