PATH 328 164
0 0
1 0
1 1
0 1
0 2
0 3
0 4
1 4
1 5
2 5
3 5
3 4
4 4
4 5
5 5
5 6
6 6
7 6
7 7
7 8
7 9
8 9
8 8
9 8
9 9
9 10
9 11
10 11
11 11
11 10
11 9
12 9
12 10
12 11
12 12
13 12
14 12
14 13
13 13
13 14
12 14
11 14
10 14
10 15
10 16
10 17
10 18
10 19
9 19
8 19
8 20
9 20
9 21
9 22
9 23
9 24
10 24
11 24
12 24
12 25
12 26
11 26
11 27
12 27
12 28
13 28
14 28
14 29
15 29
15 30
15 31
15 32
16 32
16 33
17 33
18 33
18 34
19 34
19 35
19 36
19 37
20 37
21 37
21 38
22 38
23 38
23 37
24 37
25 37
26 37
26 36
27 36
28 36
28 37
29 37
30 37
31 37
32 37
32 36
32 35
33 35
34 35
35 35
35 36
36 36
36 37
35 37
35 38
34 38
33 38
33 39
33 40
33 41
33 42
34 42
34 43
34 44
35 44
35 45
36 45
36 46
37 46
38 46
39 46
39 47
39 48
39 49
38 49
37 49
36 49
36 50
36 51
35 51
35 52
35 53
34 53
33 53
33 54
33 55
33 56
33 57
33 58
34 58
34 59
33 59
33 60
32 60
32 61
31 61
30 61
30 62
29 62
28 62
28 63
28 64
28 65
28 66
29 66
30 66
31 66
32 66
32 67
32 68
32 69
33 69
34 69
34 70
35 70
36 70
37 70
38 70
38 71
38 72
39 72
39 73
39 74
39 75
39 76
38 76
37 76
36 76
36 77
36 78
37 78
37 79
38 79
38 78
39 78
39 79
39 80
40 80
40 79
41 79
41 80
41 81
42 81
42 82
43 82
44 82
45 82
46 82
46 81
46 80
47 80
48 80
48 81
48 82
48 83
48 84
48 85
49 85
49 86
49 87
49 88
50 88
51 88
51 89
51 90
51 91
52 91
52 92
53 92
53 91
54 91
54 90
55 90
55 91
55 92
55 93
56 93
56 94
55 94
54 94
54 95
54 96
55 96
55 97
55 98
56 98
56 99
57 99
57 100
57 101
58 101
58 100
58 99
59 99
59 100
60 100
61 100
61 101
62 101
62 102
63 102
63 101
64 101
65 101
65 102
66 102
66 103
66 104
66 105
66 106
65 106
65 107
66 107
66 108
65 108
65 109
64 109
63 109
62 109
61 109
61 108
60 108
60 109
60 110
60 111
59 111
58 111
58 110
57 110
57 111
56 111
55 111
54 111
54 110
53 110
52 110
51 110
50 110
49 110
49 111
49 112
48 112
48 113
49 113
49 114
50 114
50 115
50 116
49 116
49 117
49 118
49 119
50 119
51 119
51 120
50 120
50 121
49 121
48 121
48 122
48 123
47 123
47 124
46 124
46 125
47 125
48 125
48 126
47 126
46 126
46 127
45 127
45 128
46 128
47 128
47 129
46 129
46 130
46 131
47 131
47 132
46 132
46 133
47 133
48 133
48 134
49 134
50 134
50 135
50 136
50 137
51 137
52 137
53 137
54 137
54 136
55 136
55 135
56 135
56 136
57 136
57 137
58 137
59 137
59 138
58 138
58 139
58 140
58 141
59 141
60 141
60 140
60 139
60 138
61 138
62 138
62 139
63 139
64 139
65 139
65 140
66 140
66 141
67 141
67 140
67 139
68 139
68 140
69 140
69 141
69 142
69 143
68 143
68 144
68 145
68 146
69 146
69 145
69 144
70 144
70 145
71 145
72 145
73 145
74 145
74 146
75 146
75 147
75 148
75 149
75 150
76 150
76 151
76 152
76 153
77 153
77 154
77 155
76 155
76 156
75 156
75 157
75 158
75 159
75 160
76 160
77 160
78 160
78 159
79 159
80 159
81 159
81 160
82 160
82 159
82 158
82 157
83 157
83 156
84 156
84 155
84 154
85 154
86 154
87 154
88 154
89 154
89 153
89 152
90 152
90 153
91 153
92 153
93 153
93 152
94 152
95 152
96 152
96 151
97 151
98 151
98 152
99 152
100 152
100 151
101 151
102 151
102 150
102 149
102 148
101 148
100 148
100 147
99 147
98 147
98 146
98 145
97 145
97 144
98 144
98 143
99 143
100 143
101 143
102 143
102 144
103 144
104 144
104 143
104 142
105 142
106 142
107 142
108 142
108 143
108 144
109 144
109 143
109 142
109 141
108 141
108 140
108 139
107 139
107 138
107 137
106 137
106 136
105 136
105 135
105 134
106 134
106 133
106 132
106 131
106 130
107 130
108 130
108 131
108 132
109 132
109 131
109 130
109 129
110 129
110 128
111 128
112 128
113 128
113 127
114 127
115 127
116 127
116 128
117 128
118 128
119 128
120 128
120 127
120 126
121 126
122 126
122 127
121 127
121 128
121 129
121 130
122 130
122 131
123 131
124 131
125 131
126 131
127 131
127 132
127 133
127 134
126 134
126 135
125 135
124 135
124 136
125 136
125 137
125 138
125 139
126 139
126 138
127 138
127 137
128 137
129 137
129 138
130 138
130 139
131 139
131 140
132 140
133 140
133 141
134 141
134 142
134 143
134 144
135 144
135 145
136 145
136 146
137 146
137 147
138 147
138 146
139 146
140 146
141 146
141 147
141 148
142 148
143 148
143 147
143 146
143 145
143 144
144 144
144 145
145 145
146 145
147 145
148 145
148 144
149 144
150 144
151 144
152 144
152 145
151 145
151 146
151 147
151 148
152 148
153 148
154 148
155 148
155 149
156 149
157 149
157 148
157 147
158 147
159 147
159 146
159 145
160 145
161 145
162 145
163 145
164 145
164 144
164 143
164 142
165 142
165 143
166 143
167 143
168 143
168 144
168 145
168 146
169 146
170 146
170 147
171 147
171 146
171 145
172 145
173 145
173 146
174 146
174 147
175 147
176 147
176 146
177 146
177 145
178 145
178 144
179 144
179 143
180 143
180 142
180 141
181 141
182 141
183 141
184 141
185 141
185 142
184 142
183 142
183 143
183 144
184 144
185 144
185 145
186 145
186 144
186 143
187 143
187 142
186 142
186 141
186 140
187 140
187 139
186 139
186 138
185 138
185 137
185 136
185 135
184 135
184 134
184 133
184 132
184 131
184 130
185 130
185 129
186 129
187 129
187 128
187 127
186 127
186 126
186 125
186 124
186 123
187 123
188 123
189 123
190 123
190 122
191 122
191 121
191 120
191 119
191 118
191 117
191 116
191 115
191 114
192 114
192 113
191 113
191 112
190 112
190 111
190 110
190 109
191 109
192 109
192 110
193 110
194 110
194 111
194 112
195 112
195 111
195 110
195 109
196 109
197 109
197 110
198 110
198 111
199 111
200 111
200 110
201 110
201 109
200 109
200 108
200 107
200 106
201 106
201 105
202 105
203 105
204 105
204 106
203 106
203 107
203 108
202 108
202 109
202 110
203 110
204 110
204 111
204 112
205 112
206 112
207 112
207 111
207 110
208 110
208 109
208 108
208 107
208 106
209 106
209 105
210 105
210 104
209 104
209 103
209 102
208 102
208 101
207 101
207 100
208 100
209 100
209 99
208 99
208 98
207 98
207 97
206 97
205 97
204 97
204 98
203 98
202 98
202 99
201 99
201 98
201 97
201 96
202 96
202 95
201 95
200 95
200 94
200 93
199 93
199 92
199 91
198 91
198 90
198 89
198 88
198 87
198 86
197 86
196 86
195 86
195 85
195 84
194 84
193 84
193 83
193 82
192 82
192 81
192 80
193 80
193 79
192 79
191 79
190 79
190 78
189 78
188 78
188 77
188 76
188 75
189 75
189 74
190 74
191 74
192 74
192 73
193 73
193 74
193 75
193 76
192 76
192 77
192 78
193 78
194 78
195 78
195 77
196 77
196 76
197 76
197 77
198 77
199 77
200 77
201 77
201 78
202 78
203 78
203 79
204 79
205 79
206 79
206 78
206 77
207 77
208 77
209 77
209 78
210 78
210 79
210 80
211 80
212 80
213 80
214 80
215 80
216 80
217 80
218 80
218 81
218 82
219 82
219 83
219 84
219 85
219 86
219 87
220 87
221 87
221 88
222 88
222 89
222 90
222 91
222 92
222 93
223 93
224 93
224 94
225 94
225 95
226 95
226 94
227 94
228 94
229 94
229 95
229 96
230 96
231 96
232 96
232 95
232 94
232 93
233 93
233 94
234 94
234 95
235 95
235 96
236 96
236 95
237 95
238 95
238 96
239 96
239 95
240 95
241 95
242 95
242 96
243 96
243 97
243 98
243 99
244 99
244 98
245 98
246 98
246 97
245 97
245 96
246 96
246 95
247 95
247 96
247 97
247 98
247 99
248 99
248 100
249 100
249 99
250 99
250 100
250 101
251 101
251 102
252 102
252 103
253 103
254 103
254 102
254 101
255 101
256 101
256 102
257 102
257 101
257 100
257 99
258 99
259 99
260 99
260 98
260 97
261 97
262 97
262 96
261 96
260 96
260 95
259 95
259 94
259 93
259 92
259 91
258 91
258 90
258 89
258 88
259 88
260 88
260 87
260 86
260 85
261 85
262 85
262 84
263 84
264 84
264 83
263 83
263 82
263 81
262 81
262 80
263 80
263 79
264 79
265 79
265 80
266 80
267 80
268 80
269 80
270 80
270 81
271 81
271 82
272 82
273 82
273 81
273 80
273 79
274 79
274 80
275 80
275 81
276 81
276 80
277 80
277 81
277 82
277 83
278 83
278 84
278 85
278 86
279 86
280 86
281 86
281 87
282 87
282 88
282 89
283 89
283 90
283 91
283 92
284 92
285 92
286 92
286 93
286 94
287 94
288 94
289 94
290 94
291 94
291 93
292 93
292 94
293 94
293 95
294 95
295 95
295 96
296 96
296 97
296 98
297 98
297 97
298 97
299 97
299 98
299 99
300 99
301 99
302 99
303 99
304 99
305 99
306 99
306 100
307 100
308 100
308 101
307 101
307 102
308 102
308 103
307 103
307 104
308 104
308 105
308 106
307 106
307 107
307 108
308 108
308 109
309 109
309 110
310 110
311 110
311 111
310 111
310 112
310 113
310 114
311 114
311 115
312 115
313 115
313 116
313 117
313 118
314 118
315 118
315 119
315 120
316 120
317 120
317 121
318 121
318 122
319 122
319 123
319 124
319 125
319 126
320 126
320 127
319 127
318 127
318 128
319 128
320 128
320 129
319 129
319 130
319 131
320 131
320 132
320 133
319 133
319 134
320 134
321 134
321 135
322 135
323 135
323 134
324 134
324 135
324 136
325 136
326 136
326 137
326 138
325 138
325 139
324 139
324 140
325 140
326 140
326 141
326 142
325 142
324 142
324 143
324 144
324 145
323 145
323 146
322 146
322 147
322 148
322 149
321 149
320 149
320 150
320 151
321 151
321 152
321 153
321 154
321 155
321 156
322 156
322 157
321 157
321 158
321 159
322 159
322 160
322 161
323 161
324 161
325 161
325 160
326 160
326 161
326 162
326 163
327 163
