PATH 184 368
0 0
0 1
1 1
1 2
0 2
0 3
1 3
2 3
3 3
4 3
4 4
5 4
6 4
7 4
8 4
8 5
8 6
8 7
9 7
10 7
10 8
11 8
12 8
12 9
13 9
14 9
14 10
14 11
14 12
14 13
14 14
13 14
12 14
12 15
13 15
14 15
15 15
16 15
16 16
17 16
17 17
17 18
17 19
18 19
18 18
19 18
19 17
19 16
19 15
20 15
21 15
21 16
22 16
23 16
23 17
23 18
23 19
24 19
25 19
25 18
26 18
26 19
27 19
28 19
28 20
28 21
29 21
30 21
31 21
32 21
32 22
33 22
34 22
34 21
34 20
35 20
36 20
36 19
36 18
35 18
35 17
34 17
34 16
34 15
34 14
35 14
35 13
35 12
35 11
36 11
37 11
37 12
38 12
38 13
38 14
38 15
39 15
40 15
41 15
42 15
42 14
43 14
44 14
44 13
44 12
44 11
45 11
46 11
46 10
47 10
48 10
49 10
49 11
50 11
51 11
52 11
53 11
54 11
55 11
56 11
57 11
58 11
58 12
59 12
60 12
61 12
62 12
62 11
63 11
64 11
65 11
65 10
66 10
66 11
67 11
67 12
68 12
68 13
68 14
69 14
69 15
69 16
70 16
71 16
71 15
72 15
72 16
73 16
73 17
73 18
72 18
71 18
71 19
70 19
70 20
71 20
71 21
70 21
70 22
69 22
68 22
68 23
68 24
68 25
69 25
69 26
69 27
69 28
69 29
70 29
70 30
71 30
71 31
71 32
71 33
71 34
71 35
71 36
72 36
72 37
71 37
71 38
70 38
69 38
69 39
69 40
69 41
69 42
68 42
67 42
67 43
68 43
69 43
70 43
71 43
71 44
72 44
72 43
72 42
73 42
74 42
74 43
74 44
75 44
75 45
76 45
76 46
77 46
77 45
77 44
78 44
79 44
80 44
81 44
81 45
82 45
83 45
83 46
83 47
84 47
85 47
86 47
86 48
87 48
87 47
88 47
88 46
88 45
89 45
89 46
89 47
90 47
90 46
91 46
92 46
93 46
93 47
94 47
94 48
95 48
96 48
97 48
98 48
98 47
99 47
100 47
101 47
101 48
101 49
101 50
101 51
101 52
102 52
102 53
103 53
104 53
105 53
105 52
105 51
105 50
106 50
107 50
108 50
109 50
110 50
110 51
111 51
111 52
112 52
112 53
111 53
111 54
111 55
111 56
111 57
110 57
110 58
109 58
109 59
108 59
107 59
106 59
105 59
104 59
103 59
103 60
103 61
102 61
102 62
102 63
101 63
101 64
101 65
100 65
99 65
98 65
98 66
98 67
98 68
99 68
99 67
100 67
101 67
101 68
102 68
103 68
103 69
103 70
104 70
105 70
106 70
106 69
107 69
108 69
108 68
108 67
108 66
109 66
109 65
109 64
110 64
111 64
111 63
112 63
113 63
114 63
114 62
114 61
114 60
114 59
113 59
113 58
114 58
115 58
115 57
116 57
117 57
117 58
117 59
118 59
119 59
119 58
120 58
121 58
121 57
122 57
123 57
123 58
124 58
124 57
124 56
124 55
125 55
125 54
126 54
126 55
126 56
127 56
128 56
129 56
130 56
131 56
132 56
132 55
132 54
132 53
133 53
134 53
134 52
134 51
135 51
136 51
136 50
136 49
136 48
137 48
137 49
137 50
138 50
138 51
138 52
138 53
138 54
138 55
137 55
137 56
138 56
139 56
140 56
140 57
140 58
140 59
140 60
140 61
140 62
141 62
141 63
140 63
140 64
140 65
140 66
140 67
141 67
142 67
142 68
142 69
143 69
143 68
143 67
144 67
145 67
146 67
147 67
148 67
149 67
149 66
150 66
150 65
151 65
151 66
151 67
152 67
152 68
153 68
153 67
154 67
155 67
156 67
157 67
157 68
158 68
159 68
159 69
160 69
160 68
161 68
162 68
163 68
163 67
163 66
164 66
165 66
166 66
167 66
168 66
169 66
170 66
170 65
171 65
171 66
172 66
172 67
173 67
174 67
174 68
174 69
174 70
173 70
173 71
174 71
174 72
174 73
175 73
175 74
175 75
175 76
175 77
176 77
177 77
177 78
178 78
178 79
179 79
179 80
179 81
178 81
177 81
177 82
177 83
176 83
176 84
175 84
174 84
174 85
174 86
173 86
173 85
172 85
171 85
170 85
170 84
169 84
169 83
168 83
167 83
166 83
165 83
164 83
164 84
163 84
162 84
162 83
162 82
161 82
161 83
161 84
160 84
159 84
158 84
158 85
157 85
157 86
157 87
158 87
159 87
159 88
159 89
158 89
158 90
159 90
159 91
158 91
158 92
159 92
159 93
159 94
159 95
160 95
160 96
161 96
161 95
162 95
162 96
162 97
163 97
163 98
162 98
162 99
162 100
162 101
161 101
161 102
162 102
163 102
163 101
163 100
164 100
165 100
165 101
166 101
166 102
167 102
168 102
168 101
169 101
169 102
169 103
169 104
168 104
167 104
167 105
167 106
166 106
165 106
164 106
163 106
162 106
162 105
161 105
161 104
160 104
159 104
158 104
158 105
158 106
157 106
156 106
155 106
154 106
153 106
153 105
152 105
151 105
151 106
150 106
150 105
150 104
151 104
151 103
150 103
149 103
149 104
149 105
149 106
149 107
148 107
147 107
146 107
145 107
145 108
145 109
145 110
144 110
143 110
143 109
143 108
143 107
144 107
144 106
144 105
143 105
142 105
141 105
141 106
140 106
140 107
140 108
140 109
140 110
139 110
138 110
137 110
137 111
136 111
135 111
135 110
134 110
134 109
134 108
134 107
133 107
132 107
132 106
132 105
131 105
130 105
130 106
131 106
131 107
130 107
129 107
128 107
128 106
127 106
126 106
125 106
124 106
124 107
123 107
122 107
122 106
121 106
121 107
120 107
119 107
118 107
118 106
117 106
117 107
117 108
116 108
115 108
115 109
115 110
114 110
114 111
114 112
113 112
112 112
111 112
111 113
111 114
110 114
110 113
109 113
109 114
109 115
109 116
108 116
107 116
107 115
106 115
105 115
104 115
104 116
105 116
105 117
106 117
107 117
108 117
108 118
108 119
109 119
109 120
109 121
109 122
110 122
110 121
110 120
111 120
111 119
111 118
112 118
112 119
113 119
113 118
113 117
113 116
113 115
114 115
114 116
114 117
114 118
114 119
115 119
115 120
115 121
116 121
117 121
117 122
117 123
117 124
118 124
118 125
119 125
120 125
120 126
120 127
120 128
120 129
120 130
120 131
120 132
120 133
121 133
121 134
122 134
122 135
122 136
121 136
120 136
119 136
119 137
118 137
118 138
118 139
119 139
119 140
118 140
117 140
116 140
116 141
115 141
115 142
115 143
116 143
116 144
117 144
118 144
118 143
119 143
119 144
120 144
120 145
120 146
120 147
121 147
122 147
122 148
122 149
123 149
123 148
124 148
124 149
124 150
125 150
125 151
124 151
123 151
123 152
122 152
122 153
122 154
122 155
121 155
121 154
121 153
120 153
119 153
118 153
117 153
116 153
116 154
115 154
115 155
115 156
115 157
115 158
115 159
115 160
114 160
114 159
113 159
113 160
112 160
112 161
111 161
110 161
109 161
109 160
108 160
108 161
108 162
108 163
107 163
107 164
106 164
106 163
105 163
104 163
103 163
103 164
102 164
102 165
102 166
103 166
104 166
104 167
104 168
104 169
104 170
105 170
105 171
105 172
105 173
106 173
106 174
107 174
107 175
108 175
109 175
110 175
110 176
111 176
112 176
112 177
112 178
113 178
113 179
114 179
114 180
114 181
115 181
115 182
116 182
116 183
116 184
117 184
117 185
117 186
118 186
119 186
120 186
121 186
121 187
121 188
120 188
120 189
119 189
119 188
118 188
117 188
116 188
115 188
115 189
115 190
116 190
116 191
117 191
117 192
116 192
116 193
116 194
117 194
117 195
116 195
115 195
115 196
115 197
114 197
113 197
112 197
112 198
112 199
112 200
111 200
110 200
110 199
109 199
109 198
109 197
109 196
108 196
107 196
106 196
105 196
105 197
104 197
103 197
102 197
101 197
101 198
101 199
100 199
99 199
98 199
98 198
97 198
97 199
96 199
96 200
95 200
95 201
94 201
94 202
93 202
93 203
92 203
92 202
92 201
92 200
92 199
91 199
90 199
89 199
89 200
88 200
88 201
88 202
87 202
86 202
86 203
85 203
84 203
83 203
82 203
82 204
82 205
81 205
80 205
80 206
79 206
78 206
78 205
77 205
76 205
76 206
76 207
77 207
77 208
78 208
78 209
77 209
77 210
78 210
78 211
78 212
78 213
78 214
79 214
79 215
78 215
77 215
77 214
76 214
75 214
75 215
75 216
75 217
76 217
77 217
77 218
78 218
79 218
79 219
78 219
77 219
77 220
76 220
76 221
76 222
77 222
78 222
79 222
79 223
79 224
79 225
80 225
81 225
82 225
82 226
83 226
83 227
83 228
83 229
84 229
84 228
85 228
85 227
85 226
86 226
87 226
88 226
89 226
90 226
90 227
90 228
90 229
90 230
91 230
91 231
92 231
93 231
93 232
94 232
94 231
95 231
96 231
97 231
98 231
99 231
99 232
99 233
100 233
101 233
101 232
102 232
102 233
102 234
103 234
104 234
105 234
106 234
107 234
107 233
108 233
109 233
109 234
109 235
109 236
109 237
109 238
109 239
110 239
110 240
109 240
109 241
108 241
108 242
109 242
110 242
110 243
111 243
111 244
110 244
110 245
109 245
109 246
109 247
109 248
109 249
110 249
110 248
111 248
111 249
111 250
112 250
112 251
112 252
112 253
112 254
111 254
110 254
110 255
109 255
109 256
110 256
111 256
111 257
111 258
111 259
112 259
112 260
111 260
110 260
109 260
108 260
108 261
109 261
109 262
110 262
110 263
109 263
109 264
108 264
108 265
108 266
108 267
109 267
109 268
109 269
108 269
108 270
108 271
109 271
110 271
110 272
110 273
110 274
109 274
108 274
107 274
107 275
106 275
105 275
105 276
105 277
106 277
107 277
107 278
106 278
105 278
104 278
103 278
102 278
102 279
101 279
101 278
100 278
100 277
100 276
99 276
98 276
98 277
97 277
97 278
97 279
97 280
97 281
98 281
98 282
99 282
99 283
99 284
100 284
101 284
101 285
101 286
100 286
100 285
99 285
98 285
98 286
98 287
98 288
98 289
99 289
100 289
101 289
101 290
101 291
102 291
102 292
102 293
103 293
103 294
104 294
105 294
105 295
105 296
105 297
105 298
105 299
106 299
106 298
107 298
107 297
107 296
108 296
108 297
108 298
109 298
110 298
110 299
110 300
111 300
112 300
112 301
113 301
113 302
112 302
112 303
112 304
111 304
110 304
109 304
109 305
110 305
110 306
110 307
111 307
111 308
112 308
113 308
113 309
114 309
114 310
115 310
115 311
115 312
114 312
114 313
113 313
113 314
114 314
115 314
116 314
117 314
117 315
117 316
117 317
116 317
116 318
116 319
116 320
115 320
115 319
114 319
114 318
113 318
112 318
112 317
111 317
110 317
109 317
109 318
108 318
108 319
108 320
108 321
108 322
108 323
108 324
107 324
106 324
106 325
107 325
107 326
108 326
108 327
107 327
107 328
106 328
105 328
104 328
103 328
103 329
104 329
104 330
104 331
105 331
105 332
106 332
107 332
107 333
107 334
108 334
108 335
107 335
107 336
107 337
106 337
106 338
106 339
105 339
105 340
105 341
104 341
104 342
104 343
104 344
105 344
106 344
107 344
107 345
108 345
109 345
110 345
110 346
111 346
112 346
113 346
113 345
112 345
112 344
113 344
113 343
113 342
112 342
112 341
112 340
113 340
114 340
114 341
115 341
115 340
116 340
116 339
117 339
118 339
118 338
118 337
119 337
119 338
120 338
120 337
121 337
122 337
123 337
124 337
124 338
124 339
124 340
124 341
124 342
125 342
125 343
125 344
126 344
126 343
127 343
128 343
128 344
129 344
129 343
130 343
131 343
131 342
132 342
132 341
133 341
133 342
134 342
134 343
135 343
135 342
136 342
137 342
137 343
138 343
139 343
139 342
140 342
141 342
141 341
141 340
141 339
142 339
142 338
142 337
142 336
143 336
143 335
144 335
145 335
146 335
146 334
147 334
148 334
148 335
149 335
149 334
150 334
150 335
151 335
151 336
151 337
152 337
153 337
153 338
153 339
152 339
152 340
152 341
152 342
153 342
154 342
155 342
155 343
156 343
156 344
155 344
154 344
154 345
155 345
156 345
157 345
158 345
159 345
160 345
160 346
160 347
159 347
158 347
157 347
157 348
158 348
158 349
158 350
158 351
157 351
157 352
158 352
158 353
159 353
159 354
159 355
159 356
159 357
159 358
158 358
158 359
159 359
159 360
158 360
157 360
157 361
158 361
159 361
159 362
160 362
160 361
160 360
160 359
161 359
162 359
162 360
163 360
163 361
163 362
164 362
164 361
164 360
164 359
165 359
165 358
165 357
166 357
167 357
168 357
168 358
169 358
170 358
171 358
172 358
172 357
173 357
174 357
174 356
175 356
175 355
176 355
176 356
177 356
177 357
178 357
178 356
179 356
179 357
180 357
181 357
181 358
181 359
182 359
182 360
182 361
181 361
180 361
180 362
180 363
180 364
181 364
181 365
181 366
182 366
183 366
183 367
